LANGUAGE,SCORE,mMBS,mMeBS,mMyBS,mMZS,mMeZS,mMyZS,mFBS,mFeBS,mFyBS,mFZS,mFeZS,mFyBS,mMB,mMeB,mMyB,mMZ,mMeZ,mMyZ,mFB,mFeB,mFyB,mFZ,mFeZ,mFyZ
frankenlanguage10.csv_420,0.5,khuan ńjai,khuan ńjai,khuan ńjai,khuan ńjai,khuan ńjai,khuan ńjai,khuan ńjai,khuan ńjai,khuan ńjai,khuan ńjai,khuan ńjai,khuan ńjai,däd’,däd’,däd’,tädi,tädi,tädi,däd’,däd’,däd’,tädi,tädi,tädi
frankenlanguage1000.csv_420,0.25,bratan,bratan,bratan,bratan,bratan,bratan,bratan,bratan,bratan,bratan,bratan,bratan,māmū,māmū,māmū,māsī,māsī,māsī,tāyā,tāyā,tāyā,bhūyā,bhūyā,bhūyā
frankenlanguage102.csv_420,0.25,cacera (bhāi),cacera (bhāi),cacera (bhāi),cacera (bhāi),cacera (bhāi),cacera (bhāi),cacera (bhāi),cacera (bhāi),cacera (bhāi),cacera (bhāi),cacera (bhāi),cacera (bhāi),-l-atɨ,-l-atɨ,-l-atɨ,e'u,e'u,e'u,papa,papa,papa,pipi,pipi,pipi
frankenlanguage106.csv_420,0.5,waas,waas,waas,waas,waas,waas,waas,waas,waas,waas,waas,waas,luŋ,luŋ,luŋ,pa:,pa:,pa:,luŋ,luŋ,luŋ,pa:,pa:,pa:
frankenlanguage107.csv_420,0.5,mzala,mzala,mzala,ukanina,ukanina,ukanina,mfo,mfo,mfo,mzala,mzala,mfo,däd’,däd’,däd’,tädi,tädi,tädi,däd’,däd’,däd’,tädi,tädi,tädi
frankenlanguage108.csv_420,0.5,khuan ńjai,khuan ńjai,khuan ńjai,khuan ńjai,khuan ńjai,khuan ńjai,khuan ńjai,khuan ńjai,khuan ńjai,khuan ńjai,khuan ńjai,khuan ńjai,o-tam-ru,o-tam-ru,o-tam-ru,yɨ-son,yɨ-son,yɨ-son,yɨɨm,yɨɨm,yɨɨm,o-tam-ru,o-tam-ru,o-tam-ru
frankenlanguage11.csv_420,0.2857142857142857,khuan ńjai,khuan ńjai,khuan ńjai,khuan ńjai,khuan ńjai,khuan ńjai,khuan ńjai,khuan ńjai,khuan ńjai,khuan ńjai,khuan ńjai,khuan ńjai,na,"娘舅, 舅舅","娘舅, 舅舅",na,娘姨xx,na,na,"大伯, 伯伯",阿叔,na,"嬷嬷, 好伯",娘娘
frankenlanguage111.csv_420,0.25,waas,waas,waas,waas,waas,waas,waas,waas,waas,waas,waas,waas,kʸakʸa,kʸakʸa,kʸakʸa,-c̷itta ɬašši,-c̷itta ɬašši,-c̷itta ɬašši,-tačču ɬašši,-tačču ɬašši,-tačču ɬašši,kuku,kuku,kuku
frankenlanguage112.csv_420,0.375,jóncho,jóncho,jóncho,cóco,cóco,cóco,jóncho,jóncho,jóncho,jóncho,jóncho,jóncho,na,acha,acha,na,atung,achi,na,awa di,adai,na,apa,amoi
frankenlanguage113.csv_420,0.25,kuzen,kuzen,kuzen,kuzen,kuzen,kuzen,kuzen,kuzen,kuzen,kuzen,kuzen,kuzen,cóca,cóca,cóca,huáata,huáata,huáata,épa,épa,épa,náchi,náchi,náchi
frankenlanguage114.csv_420,0.25,cacera (bhāi),cacera (bhāi),cacera (bhāi),cacera (bhāi),cacera (bhāi),cacera (bhāi),cacera (bhāi),cacera (bhāi),cacera (bhāi),cacera (bhāi),cacera (bhāi),cacera (bhāi),cóca,cóca,cóca,huáata,huáata,huáata,épa,épa,épa,náchi,náchi,náchi
frankenlanguage116.csv_420,0.25,khuan ńjai,khuan ńjai,khuan ńjai,khuan ńjai,khuan ńjai,khuan ńjai,khuan ńjai,khuan ńjai,khuan ńjai,khuan ńjai,khuan ńjai,khuan ńjai,na,dayı,dayı,na,teyze,teyze,na,amca,amca,na,hala,hala
frankenlanguage118.csv_420,0.5714285714285714,mzala,mzala,mzala,ukanina,ukanina,ukanina,mfo,mfo,mfo,mzala,mzala,mfo,na,"娘舅, 舅舅","娘舅, 舅舅",na,娘姨xx,na,na,"大伯, 伯伯",阿叔,na,"嬷嬷, 好伯",娘娘
frankenlanguage12.csv_420,0.2857142857142857,oy-akno,oy-akno,oy-akno,oy-akno,oy-akno,oy-akno,oy-akno,oy-akno,oy-akno,oy-akno,oy-akno,oy-akno,na,"娘舅, 舅舅","娘舅, 舅舅",na,娘姨xx,na,na,"大伯, 伯伯",阿叔,na,"嬷嬷, 好伯",娘娘
frankenlanguage120.csv_420,0.5,khuan ńjai,khuan ńjai,khuan ńjai,khuan ńjai,khuan ńjai,khuan ńjai,khuan ńjai,khuan ńjai,khuan ńjai,khuan ńjai,khuan ńjai,khuan ńjai,kawo,kawo,kawo,kawo,kawo,kawo,baaba,baaba,baaba,wobna,wobna,wobna
frankenlanguage123.csv_420,1.0,bratan,bratan,bratan,bratan,bratan,bratan,bratan,bratan,bratan,bratan,bratan,bratan,na,maghiha,maghiha,na,na,na,na,maghiha,maghiha,na,na,na
frankenlanguage124.csv_420,0.25,bratan,bratan,bratan,bratan,bratan,bratan,bratan,bratan,bratan,bratan,bratan,bratan,na,dayı,dayı,na,teyze,teyze,na,amca,amca,na,hala,hala
frankenlanguage126.csv_420,0.5,primu],primu],primu],primu],primu],primu],primu],primu],primu],primu],primu],primu],o-tam-ru,o-tam-ru,o-tam-ru,yɨ-son,yɨ-son,yɨ-son,yɨɨm,yɨɨm,yɨɨm,o-tam-ru,o-tam-ru,o-tam-ru
frankenlanguage128.csv_420,0.25,oy-akno,oy-akno,oy-akno,oy-akno,oy-akno,oy-akno,oy-akno,oy-akno,oy-akno,oy-akno,oy-akno,oy-akno,kʸakʸa,kʸakʸa,kʸakʸa,-c̷itta ɬašši,-c̷itta ɬašši,-c̷itta ɬašši,-tačču ɬašši,-tačču ɬašši,-tačču ɬašši,kuku,kuku,kuku
frankenlanguage129.csv_420,0.25,khuan ńjai,khuan ńjai,khuan ńjai,khuan ńjai,khuan ńjai,khuan ńjai,khuan ńjai,khuan ńjai,khuan ńjai,khuan ńjai,khuan ńjai,khuan ńjai,na,dayı,dayı,na,teyze,teyze,na,amca,amca,na,hala,hala
frankenlanguage13.csv_420,0.25,nepa,nepa,nepa,nepa,nepa,nepa,nepa,nepa,nepa,nepa,nepa,nepa,nindɨ šu,nindɨ šu,nindɨ šu,nindɨ riši,nindɨ riši,nindɨ riši,didtɨ šu,didtɨ šu,didtɨ šu,didtɨ riši,didtɨ riši,didtɨ riši
frankenlanguage130.csv_420,0.6,aai,aai,aai,na,na,na,na,na,na,aai,aai,na,luŋ,luŋ,luŋ,pa:,pa:,pa:,luŋ,luŋ,luŋ,pa:,pa:,pa:
frankenlanguage132.csv_420,0.375,mzala,mzala,mzala,ukanina,ukanina,ukanina,mfo,mfo,mfo,mzala,mzala,mfo,na,acha,acha,na,atung,achi,na,awa di,adai,na,apa,amoi
frankenlanguage133.csv_420,0.5,nepa,nepa,nepa,nepa,nepa,nepa,nepa,nepa,nepa,nepa,nepa,nepa,garugi:,garugi:,garugi:,walgan,walgan,walgan,garugi:,garugi:,garugi:,gamiyan,gamiyan,gamiyan
frankenlanguage134.csv_420,0.25,primu],primu],primu],primu],primu],primu],primu],primu],primu],primu],primu],primu],cóca,cóca,cóca,huáata,huáata,huáata,épa,épa,épa,náchi,náchi,náchi
frankenlanguage136.csv_420,0.5,nepa,nepa,nepa,nepa,nepa,nepa,nepa,nepa,nepa,nepa,nepa,nepa,luŋ,luŋ,luŋ,pa:,pa:,pa:,luŋ,luŋ,luŋ,pa:,pa:,pa:
frankenlanguage137.csv_420,0.25,nepa,nepa,nepa,nepa,nepa,nepa,nepa,nepa,nepa,nepa,nepa,nepa,māmū,māmū,māmū,māsī,māsī,māsī,tāyā,tāyā,tāyā,bhūyā,bhūyā,bhūyā
frankenlanguage138.csv_420,0.25,oy-akno,oy-akno,oy-akno,oy-akno,oy-akno,oy-akno,oy-akno,oy-akno,oy-akno,oy-akno,oy-akno,oy-akno,malume,malume,malume,mame,mame,mame,baba,baba omukulu,baba omncane,babakazi,babakazi,babakazi
frankenlanguage139.csv_420,0.25,nepa,nepa,nepa,nepa,nepa,nepa,nepa,nepa,nepa,nepa,nepa,nepa,na,"yaake, awa","yaake, awa",na,papa,papa,na,mae,mae,na,arombo,arombo
frankenlanguage140.csv_420,0.25,waas,waas,waas,waas,waas,waas,waas,waas,waas,waas,waas,waas,nindɨ šu,nindɨ šu,nindɨ šu,nindɨ riši,nindɨ riši,nindɨ riši,didtɨ šu,didtɨ šu,didtɨ šu,didtɨ riši,didtɨ riši,didtɨ riši
frankenlanguage141.csv_420,0.25,nepa,nepa,nepa,nepa,nepa,nepa,nepa,nepa,nepa,nepa,nepa,nepa,māmū,māmū,māmū,māsī,māsī,māsī,tāyā,tāyā,tāyā,bhūyā,bhūyā,bhūyā
frankenlanguage142.csv_420,0.25,nepa,nepa,nepa,nepa,nepa,nepa,nepa,nepa,nepa,nepa,nepa,nepa,na,acha,acha,na,atung,achi,na,awa di,adai,na,apa,amoi
frankenlanguage143.csv_420,0.5,primu],primu],primu],primu],primu],primu],primu],primu],primu],primu],primu],primu],na,na,na,na,na,na,na,na,beme ja'aka,na,jaka yo'owe,na
frankenlanguage144.csv_420,0.5,primu],primu],primu],primu],primu],primu],primu],primu],primu],primu],primu],primu],netsim,netsim,netsim,netul,netul,netul,netsim,netsim,netsim,netul,netul,netul
frankenlanguage146.csv_420,0.6,thaatha,thaatha,thaatha,na,na,na,na,na,na,thaatha,thaatha,na,luŋ,luŋ,luŋ,pa:,pa:,pa:,luŋ,luŋ,luŋ,pa:,pa:,pa:
frankenlanguage147.csv_420,0.25,oy-akno,oy-akno,oy-akno,oy-akno,oy-akno,oy-akno,oy-akno,oy-akno,oy-akno,oy-akno,oy-akno,oy-akno,kʸakʸa,kʸakʸa,kʸakʸa,-c̷itta ɬašši,-c̷itta ɬašši,-c̷itta ɬašši,-tačču ɬašši,-tačču ɬašši,-tačču ɬašši,kuku,kuku,kuku
frankenlanguage148.csv_420,0.75,mzala,mzala,mzala,ukanina,ukanina,ukanina,mfo,mfo,mfo,mzala,mzala,mfo,-l-atɨ,-l-atɨ,-l-atɨ,e'u,e'u,e'u,papa,papa,papa,pipi,pipi,pipi
frankenlanguage153.csv_420,0.6666666666666666,aai,aai,aai,na,na,na,na,na,na,aai,aai,na,na,acha,acha,na,atung,achi,na,awa di,adai,na,apa,amoi
frankenlanguage154.csv_420,0.25,cacera (bhāi),cacera (bhāi),cacera (bhāi),cacera (bhāi),cacera (bhāi),cacera (bhāi),cacera (bhāi),cacera (bhāi),cacera (bhāi),cacera (bhāi),cacera (bhāi),cacera (bhāi),na,acha,acha,na,atung,achi,na,awa di,adai,na,apa,amoi
frankenlanguage157.csv_420,0.5,nepa,nepa,nepa,nepa,nepa,nepa,nepa,nepa,nepa,nepa,nepa,nepa,däd’,däd’,däd’,tädi,tädi,tädi,däd’,däd’,däd’,tädi,tädi,tädi
frankenlanguage158.csv_420,0.6666666666666666,aai,aai,aai,na,na,na,na,na,na,aai,aai,na,na,"娘舅, 舅舅","娘舅, 舅舅",na,娘姨xx,na,na,"大伯, 伯伯",阿叔,na,"嬷嬷, 好伯",娘娘
frankenlanguage160.csv_420,0.25,primu],primu],primu],primu],primu],primu],primu],primu],primu],primu],primu],primu],māmū,māmū,māmū,māsī,māsī,māsī,tāyā,tāyā,tāyā,bhūyā,bhūyā,bhūyā
frankenlanguage163.csv_420,0.5,bratan,bratan,bratan,bratan,bratan,bratan,bratan,bratan,bratan,bratan,bratan,bratan,netsim,netsim,netsim,netul,netul,netul,netsim,netsim,netsim,netul,netul,netul
frankenlanguage164.csv_420,1.0,thaatha,thaatha,thaatha,na,na,na,na,na,na,thaatha,thaatha,na,o-tam-ru,o-tam-ru,o-tam-ru,yɨ-son,yɨ-son,yɨ-son,yɨɨm,yɨɨm,yɨɨm,o-tam-ru,o-tam-ru,o-tam-ru
frankenlanguage165.csv_420,0.25,oy-akno,oy-akno,oy-akno,oy-akno,oy-akno,oy-akno,oy-akno,oy-akno,oy-akno,oy-akno,oy-akno,oy-akno,māmū,māmū,māmū,māsī,māsī,māsī,tāyā,tāyā,tāyā,bhūyā,bhūyā,bhūyā
frankenlanguage168.csv_420,0.6666666666666666,aai,aai,aai,na,na,na,na,na,na,aai,aai,na,na,"娘舅, 舅舅","娘舅, 舅舅",na,娘姨xx,na,na,"大伯, 伯伯",阿叔,na,"嬷嬷, 好伯",娘娘
frankenlanguage169.csv_420,0.25,primu],primu],primu],primu],primu],primu],primu],primu],primu],primu],primu],primu],nindɨ šu,nindɨ šu,nindɨ šu,nindɨ riši,nindɨ riši,nindɨ riši,didtɨ šu,didtɨ šu,didtɨ šu,didtɨ riši,didtɨ riši,didtɨ riši
frankenlanguage170.csv_420,0.25,bratan,bratan,bratan,bratan,bratan,bratan,bratan,bratan,bratan,bratan,bratan,bratan,na,acha,acha,na,atung,achi,na,awa di,adai,na,apa,amoi
frankenlanguage172.csv_420,0.14285714285714285,waas,waas,waas,waas,waas,waas,waas,waas,waas,waas,waas,waas,na,menamama,na,na,beddamma,na,na,beddava,nanno,sowdamma,sowdamma,sowdamma
frankenlanguage173.csv_420,0.14285714285714285,khuan ńjai,khuan ńjai,khuan ńjai,khuan ńjai,khuan ńjai,khuan ńjai,khuan ńjai,khuan ńjai,khuan ńjai,khuan ńjai,khuan ńjai,khuan ńjai,na,menamama,na,na,beddamma,na,na,beddava,nanno,sowdamma,sowdamma,sowdamma
frankenlanguage174.csv_420,1.0,cacera (bhāi),cacera (bhāi),cacera (bhāi),cacera (bhāi),cacera (bhāi),cacera (bhāi),cacera (bhāi),cacera (bhāi),cacera (bhāi),cacera (bhāi),cacera (bhāi),cacera (bhāi),na,maghiha,maghiha,na,na,na,na,maghiha,maghiha,na,na,na
frankenlanguage176.csv_420,0.25,qʼuʕndɨ rišidbir,qʼuʕndɨ rišidbir,qʼuʕndɨ rišidbir,qʼuʕndɨ rišidbir,qʼuʕndɨ rišidbir,qʼuʕndɨ rišidbir,qʼuʕndɨ rišidbir,qʼuʕndɨ rišidbir,qʼuʕndɨ rišidbir,qʼuʕndɨ rišidbir,qʼuʕndɨ rišidbir,qʼuʕndɨ rišidbir,malume,malume,malume,mame,mame,mame,baba,baba omukulu,baba omncane,babakazi,babakazi,babakazi
frankenlanguage178.csv_420,0.25,qʼuʕndɨ rišidbir,qʼuʕndɨ rišidbir,qʼuʕndɨ rišidbir,qʼuʕndɨ rišidbir,qʼuʕndɨ rišidbir,qʼuʕndɨ rišidbir,qʼuʕndɨ rišidbir,qʼuʕndɨ rišidbir,qʼuʕndɨ rišidbir,qʼuʕndɨ rišidbir,qʼuʕndɨ rišidbir,qʼuʕndɨ rišidbir,māmū,māmū,māmū,māsī,māsī,māsī,tāyā,tāyā,tāyā,bhūyā,bhūyā,bhūyā
frankenlanguage179.csv_420,0.5,kuzen,kuzen,kuzen,kuzen,kuzen,kuzen,kuzen,kuzen,kuzen,kuzen,kuzen,kuzen,o-tam-ru,o-tam-ru,o-tam-ru,yɨ-son,yɨ-son,yɨ-son,yɨɨm,yɨɨm,yɨɨm,o-tam-ru,o-tam-ru,o-tam-ru
frankenlanguage18.csv_420,0.25,bratan,bratan,bratan,bratan,bratan,bratan,bratan,bratan,bratan,bratan,bratan,bratan,nindɨ šu,nindɨ šu,nindɨ šu,nindɨ riši,nindɨ riši,nindɨ riši,didtɨ šu,didtɨ šu,didtɨ šu,didtɨ riši,didtɨ riši,didtɨ riši
frankenlanguage180.csv_420,0.3333333333333333,mzala,mzala,mzala,ukanina,ukanina,ukanina,mfo,mfo,mfo,mzala,mzala,mfo,kawo,kawo,kawo,kawo,kawo,kawo,baaba,baaba,baaba,wobna,wobna,wobna
frankenlanguage182.csv_420,0.14285714285714285,waas,waas,waas,waas,waas,waas,waas,waas,waas,waas,waas,waas,na,menamama,na,na,beddamma,na,na,beddava,nanno,sowdamma,sowdamma,sowdamma
frankenlanguage186.csv_420,0.5,waas,waas,waas,waas,waas,waas,waas,waas,waas,waas,waas,waas,netsim,netsim,netsim,netul,netul,netul,netsim,netsim,netsim,netul,netul,netul
frankenlanguage188.csv_420,0.5,primu],primu],primu],primu],primu],primu],primu],primu],primu],primu],primu],primu],o-tam-ru,o-tam-ru,o-tam-ru,yɨ-son,yɨ-son,yɨ-son,yɨɨm,yɨɨm,yɨɨm,o-tam-ru,o-tam-ru,o-tam-ru
frankenlanguage189.csv_420,0.75,jóncho,jóncho,jóncho,cóco,cóco,cóco,jóncho,jóncho,jóncho,jóncho,jóncho,jóncho,netsim,netsim,netsim,netul,netul,netul,netsim,netsim,netsim,netul,netul,netul
frankenlanguage190.csv_420,0.42857142857142855,jóncho,jóncho,jóncho,cóco,cóco,cóco,jóncho,jóncho,jóncho,jóncho,jóncho,jóncho,na,"娘舅, 舅舅","娘舅, 舅舅",na,娘姨xx,na,na,"大伯, 伯伯",阿叔,na,"嬷嬷, 好伯",娘娘
frankenlanguage192.csv_420,0.5,nepa,nepa,nepa,nepa,nepa,nepa,nepa,nepa,nepa,nepa,nepa,nepa,garugi:,garugi:,garugi:,walgan,walgan,walgan,garugi:,garugi:,garugi:,gamiyan,gamiyan,gamiyan
frankenlanguage193.csv_420,0.25,oy-akno,oy-akno,oy-akno,oy-akno,oy-akno,oy-akno,oy-akno,oy-akno,oy-akno,oy-akno,oy-akno,oy-akno,na,acha,acha,na,atung,achi,na,awa di,adai,na,apa,amoi
frankenlanguage199.csv_420,0.25,cacera (bhāi),cacera (bhāi),cacera (bhāi),cacera (bhāi),cacera (bhāi),cacera (bhāi),cacera (bhāi),cacera (bhāi),cacera (bhāi),cacera (bhāi),cacera (bhāi),cacera (bhāi),na,acha,acha,na,atung,achi,na,awa di,adai,na,apa,amoi
frankenlanguage20.csv_420,1.0,jóncho,jóncho,jóncho,cóco,cóco,cóco,jóncho,jóncho,jóncho,jóncho,jóncho,jóncho,na,maghiha,maghiha,na,na,na,na,maghiha,maghiha,na,na,na
frankenlanguage200.csv_420,0.14285714285714285,bratan,bratan,bratan,bratan,bratan,bratan,bratan,bratan,bratan,bratan,bratan,bratan,na,menamama,na,na,beddamma,na,na,beddava,nanno,sowdamma,sowdamma,sowdamma
frankenlanguage202.csv_420,0.14285714285714285,qʼuʕndɨ rišidbir,qʼuʕndɨ rišidbir,qʼuʕndɨ rišidbir,qʼuʕndɨ rišidbir,qʼuʕndɨ rišidbir,qʼuʕndɨ rišidbir,qʼuʕndɨ rišidbir,qʼuʕndɨ rišidbir,qʼuʕndɨ rišidbir,qʼuʕndɨ rišidbir,qʼuʕndɨ rišidbir,qʼuʕndɨ rišidbir,na,menamama,na,na,beddamma,na,na,beddava,nanno,sowdamma,sowdamma,sowdamma
frankenlanguage203.csv_420,0.5,cacera (bhāi),cacera (bhāi),cacera (bhāi),cacera (bhāi),cacera (bhāi),cacera (bhāi),cacera (bhāi),cacera (bhāi),cacera (bhāi),cacera (bhāi),cacera (bhāi),cacera (bhāi),na,na,na,na,na,na,na,na,beme ja'aka,na,jaka yo'owe,na
frankenlanguage204.csv_420,0.6666666666666666,thaatha,thaatha,thaatha,na,na,na,na,na,na,thaatha,thaatha,na,na,"yaake, awa","yaake, awa",na,papa,papa,na,mae,mae,na,arombo,arombo
frankenlanguage205.csv_420,0.6,aai,aai,aai,na,na,na,na,na,na,aai,aai,na,malume,malume,malume,mame,mame,mame,baba,baba omukulu,baba omncane,babakazi,babakazi,babakazi
frankenlanguage207.csv_420,0.6,thaatha,thaatha,thaatha,na,na,na,na,na,na,thaatha,thaatha,na,cóca,cóca,cóca,huáata,huáata,huáata,épa,épa,épa,náchi,náchi,náchi
frankenlanguage208.csv_420,0.5,oy-akno,oy-akno,oy-akno,oy-akno,oy-akno,oy-akno,oy-akno,oy-akno,oy-akno,oy-akno,oy-akno,oy-akno,garugi:,garugi:,garugi:,walgan,walgan,walgan,garugi:,garugi:,garugi:,gamiyan,gamiyan,gamiyan
frankenlanguage209.csv_420,0.5,qʼuʕndɨ rišidbir,qʼuʕndɨ rišidbir,qʼuʕndɨ rišidbir,qʼuʕndɨ rišidbir,qʼuʕndɨ rišidbir,qʼuʕndɨ rišidbir,qʼuʕndɨ rišidbir,qʼuʕndɨ rišidbir,qʼuʕndɨ rišidbir,qʼuʕndɨ rišidbir,qʼuʕndɨ rišidbir,qʼuʕndɨ rišidbir,o-tam-ru,o-tam-ru,o-tam-ru,yɨ-son,yɨ-son,yɨ-son,yɨɨm,yɨɨm,yɨɨm,o-tam-ru,o-tam-ru,o-tam-ru
frankenlanguage21.csv_420,0.25,nepa,nepa,nepa,nepa,nepa,nepa,nepa,nepa,nepa,nepa,nepa,nepa,māmū,māmū,māmū,māsī,māsī,māsī,tāyā,tāyā,tāyā,bhūyā,bhūyā,bhūyā
frankenlanguage210.csv_420,0.5,qʼuʕndɨ rišidbir,qʼuʕndɨ rišidbir,qʼuʕndɨ rišidbir,qʼuʕndɨ rišidbir,qʼuʕndɨ rišidbir,qʼuʕndɨ rišidbir,qʼuʕndɨ rišidbir,qʼuʕndɨ rišidbir,qʼuʕndɨ rišidbir,qʼuʕndɨ rišidbir,qʼuʕndɨ rišidbir,qʼuʕndɨ rišidbir,o-tam-ru,o-tam-ru,o-tam-ru,yɨ-son,yɨ-son,yɨ-son,yɨɨm,yɨɨm,yɨɨm,o-tam-ru,o-tam-ru,o-tam-ru
frankenlanguage214.csv_420,0.5,mzala,mzala,mzala,ukanina,ukanina,ukanina,mfo,mfo,mfo,mzala,mzala,mfo,netsim,netsim,netsim,netul,netul,netul,netsim,netsim,netsim,netul,netul,netul
frankenlanguage215.csv_420,0.25,bratan,bratan,bratan,bratan,bratan,bratan,bratan,bratan,bratan,bratan,bratan,bratan,na,"yaake, awa","yaake, awa",na,papa,papa,na,mae,mae,na,arombo,arombo
frankenlanguage216.csv_420,0.6666666666666666,aai,aai,aai,na,na,na,na,na,na,aai,aai,na,na,dayı,dayı,na,teyze,teyze,na,amca,amca,na,hala,hala
frankenlanguage217.csv_420,0.5,nepa,nepa,nepa,nepa,nepa,nepa,nepa,nepa,nepa,nepa,nepa,nepa,däd’,däd’,däd’,tädi,tädi,tädi,däd’,däd’,däd’,tädi,tädi,tädi
frankenlanguage218.csv_420,0.25,kuzen,kuzen,kuzen,kuzen,kuzen,kuzen,kuzen,kuzen,kuzen,kuzen,kuzen,kuzen,na,acha,acha,na,atung,achi,na,awa di,adai,na,apa,amoi
frankenlanguage220.csv_420,0.5,mzala,mzala,mzala,ukanina,ukanina,ukanina,mfo,mfo,mfo,mzala,mzala,mfo,netsim,netsim,netsim,netul,netul,netul,netsim,netsim,netsim,netul,netul,netul
frankenlanguage221.csv_420,1.0,aai,aai,aai,na,na,na,na,na,na,aai,aai,na,o-tam-ru,o-tam-ru,o-tam-ru,yɨ-son,yɨ-son,yɨ-son,yɨɨm,yɨɨm,yɨɨm,o-tam-ru,o-tam-ru,o-tam-ru
frankenlanguage222.csv_420,0.5,qʼuʕndɨ rišidbir,qʼuʕndɨ rišidbir,qʼuʕndɨ rišidbir,qʼuʕndɨ rišidbir,qʼuʕndɨ rišidbir,qʼuʕndɨ rišidbir,qʼuʕndɨ rišidbir,qʼuʕndɨ rišidbir,qʼuʕndɨ rišidbir,qʼuʕndɨ rišidbir,qʼuʕndɨ rišidbir,qʼuʕndɨ rišidbir,däd’,däd’,däd’,tädi,tädi,tädi,däd’,däd’,däd’,tädi,tädi,tädi
frankenlanguage223.csv_420,0.5,qʼuʕndɨ rišidbir,qʼuʕndɨ rišidbir,qʼuʕndɨ rišidbir,qʼuʕndɨ rišidbir,qʼuʕndɨ rišidbir,qʼuʕndɨ rišidbir,qʼuʕndɨ rišidbir,qʼuʕndɨ rišidbir,qʼuʕndɨ rišidbir,qʼuʕndɨ rišidbir,qʼuʕndɨ rišidbir,qʼuʕndɨ rišidbir,luŋ,luŋ,luŋ,pa:,pa:,pa:,luŋ,luŋ,luŋ,pa:,pa:,pa:
frankenlanguage226.csv_420,0.5,khuan ńjai,khuan ńjai,khuan ńjai,khuan ńjai,khuan ńjai,khuan ńjai,khuan ńjai,khuan ńjai,khuan ńjai,khuan ńjai,khuan ńjai,khuan ńjai,o-tam-ru,o-tam-ru,o-tam-ru,yɨ-son,yɨ-son,yɨ-son,yɨɨm,yɨɨm,yɨɨm,o-tam-ru,o-tam-ru,o-tam-ru
frankenlanguage228.csv_420,0.25,primu],primu],primu],primu],primu],primu],primu],primu],primu],primu],primu],primu],-l-atɨ,-l-atɨ,-l-atɨ,e'u,e'u,e'u,papa,papa,papa,pipi,pipi,pipi
frankenlanguage231.csv_420,0.14285714285714285,oy-akno,oy-akno,oy-akno,oy-akno,oy-akno,oy-akno,oy-akno,oy-akno,oy-akno,oy-akno,oy-akno,oy-akno,na,menamama,na,na,beddamma,na,na,beddava,nanno,sowdamma,sowdamma,sowdamma
frankenlanguage232.csv_420,0.25,qʼuʕndɨ rišidbir,qʼuʕndɨ rišidbir,qʼuʕndɨ rišidbir,qʼuʕndɨ rišidbir,qʼuʕndɨ rišidbir,qʼuʕndɨ rišidbir,qʼuʕndɨ rišidbir,qʼuʕndɨ rišidbir,qʼuʕndɨ rišidbir,qʼuʕndɨ rišidbir,qʼuʕndɨ rišidbir,qʼuʕndɨ rišidbir,na,acha,acha,na,atung,achi,na,awa di,adai,na,apa,amoi
frankenlanguage233.csv_420,0.25,kuzen,kuzen,kuzen,kuzen,kuzen,kuzen,kuzen,kuzen,kuzen,kuzen,kuzen,kuzen,kʸakʸa,kʸakʸa,kʸakʸa,-c̷itta ɬašši,-c̷itta ɬašši,-c̷itta ɬašši,-tačču ɬašši,-tačču ɬašši,-tačču ɬašši,kuku,kuku,kuku
frankenlanguage235.csv_420,0.5,bratan,bratan,bratan,bratan,bratan,bratan,bratan,bratan,bratan,bratan,bratan,bratan,garugi:,garugi:,garugi:,walgan,walgan,walgan,garugi:,garugi:,garugi:,gamiyan,gamiyan,gamiyan
frankenlanguage236.csv_420,0.5,qʼuʕndɨ rišidbir,qʼuʕndɨ rišidbir,qʼuʕndɨ rišidbir,qʼuʕndɨ rišidbir,qʼuʕndɨ rišidbir,qʼuʕndɨ rišidbir,qʼuʕndɨ rišidbir,qʼuʕndɨ rišidbir,qʼuʕndɨ rišidbir,qʼuʕndɨ rišidbir,qʼuʕndɨ rišidbir,qʼuʕndɨ rišidbir,däd’,däd’,däd’,tädi,tädi,tädi,däd’,däd’,däd’,tädi,tädi,tädi
frankenlanguage237.csv_420,0.14285714285714285,kuzen,kuzen,kuzen,kuzen,kuzen,kuzen,kuzen,kuzen,kuzen,kuzen,kuzen,kuzen,na,menamama,na,na,beddamma,na,na,beddava,nanno,sowdamma,sowdamma,sowdamma
frankenlanguage238.csv_420,0.14285714285714285,qʼuʕndɨ rišidbir,qʼuʕndɨ rišidbir,qʼuʕndɨ rišidbir,qʼuʕndɨ rišidbir,qʼuʕndɨ rišidbir,qʼuʕndɨ rišidbir,qʼuʕndɨ rišidbir,qʼuʕndɨ rišidbir,qʼuʕndɨ rišidbir,qʼuʕndɨ rišidbir,qʼuʕndɨ rišidbir,qʼuʕndɨ rišidbir,na,menamama,na,na,beddamma,na,na,beddava,nanno,sowdamma,sowdamma,sowdamma
frankenlanguage239.csv_420,0.5,khuan ńjai,khuan ńjai,khuan ńjai,khuan ńjai,khuan ńjai,khuan ńjai,khuan ńjai,khuan ńjai,khuan ńjai,khuan ńjai,khuan ńjai,khuan ńjai,o-tam-ru,o-tam-ru,o-tam-ru,yɨ-son,yɨ-son,yɨ-son,yɨɨm,yɨɨm,yɨɨm,o-tam-ru,o-tam-ru,o-tam-ru
frankenlanguage24.csv_420,0.5,bratan,bratan,bratan,bratan,bratan,bratan,bratan,bratan,bratan,bratan,bratan,bratan,netsim,netsim,netsim,netul,netul,netul,netsim,netsim,netsim,netul,netul,netul
frankenlanguage240.csv_420,0.2857142857142857,qʼuʕndɨ rišidbir,qʼuʕndɨ rišidbir,qʼuʕndɨ rišidbir,qʼuʕndɨ rišidbir,qʼuʕndɨ rišidbir,qʼuʕndɨ rišidbir,qʼuʕndɨ rišidbir,qʼuʕndɨ rišidbir,qʼuʕndɨ rišidbir,qʼuʕndɨ rišidbir,qʼuʕndɨ rišidbir,qʼuʕndɨ rišidbir,na,"娘舅, 舅舅","娘舅, 舅舅",na,娘姨xx,na,na,"大伯, 伯伯",阿叔,na,"嬷嬷, 好伯",娘娘
frankenlanguage244.csv_420,0.25,bratan,bratan,bratan,bratan,bratan,bratan,bratan,bratan,bratan,bratan,bratan,bratan,na,acha,acha,na,atung,achi,na,awa di,adai,na,apa,amoi
frankenlanguage245.csv_420,0.5,waas,waas,waas,waas,waas,waas,waas,waas,waas,waas,waas,waas,na,na,na,na,na,na,na,na,beme ja'aka,na,jaka yo'owe,na
frankenlanguage248.csv_420,0.3333333333333333,aai,aai,aai,na,na,na,na,na,na,aai,aai,na,na,menamama,na,na,beddamma,na,na,beddava,nanno,sowdamma,sowdamma,sowdamma
frankenlanguage25.csv_420,0.75,mzala,mzala,mzala,ukanina,ukanina,ukanina,mfo,mfo,mfo,mzala,mzala,mfo,māmū,māmū,māmū,māsī,māsī,māsī,tāyā,tāyā,tāyā,bhūyā,bhūyā,bhūyā
frankenlanguage250.csv_420,0.6,aai,aai,aai,na,na,na,na,na,na,aai,aai,na,netsim,netsim,netsim,netul,netul,netul,netsim,netsim,netsim,netul,netul,netul
frankenlanguage253.csv_420,0.25,bratan,bratan,bratan,bratan,bratan,bratan,bratan,bratan,bratan,bratan,bratan,bratan,na,"yaake, awa","yaake, awa",na,papa,papa,na,mae,mae,na,arombo,arombo
frankenlanguage255.csv_420,0.25,qʼuʕndɨ rišidbir,qʼuʕndɨ rišidbir,qʼuʕndɨ rišidbir,qʼuʕndɨ rišidbir,qʼuʕndɨ rišidbir,qʼuʕndɨ rišidbir,qʼuʕndɨ rišidbir,qʼuʕndɨ rišidbir,qʼuʕndɨ rišidbir,qʼuʕndɨ rišidbir,qʼuʕndɨ rišidbir,qʼuʕndɨ rišidbir,-l-atɨ,-l-atɨ,-l-atɨ,e'u,e'u,e'u,papa,papa,papa,pipi,pipi,pipi
frankenlanguage256.csv_420,0.25,bratan,bratan,bratan,bratan,bratan,bratan,bratan,bratan,bratan,bratan,bratan,bratan,kʸakʸa,kʸakʸa,kʸakʸa,-c̷itta ɬašši,-c̷itta ɬašši,-c̷itta ɬašši,-tačču ɬašši,-tačču ɬašši,-tačču ɬašši,kuku,kuku,kuku
frankenlanguage257.csv_420,0.375,mzala,mzala,mzala,ukanina,ukanina,ukanina,mfo,mfo,mfo,mzala,mzala,mfo,na,acha,acha,na,atung,achi,na,awa di,adai,na,apa,amoi
frankenlanguage26.csv_420,0.5714285714285714,mzala,mzala,mzala,ukanina,ukanina,ukanina,mfo,mfo,mfo,mzala,mzala,mfo,na,"娘舅, 舅舅","娘舅, 舅舅",na,娘姨xx,na,na,"大伯, 伯伯",阿叔,na,"嬷嬷, 好伯",娘娘
frankenlanguage262.csv_420,0.75,jóncho,jóncho,jóncho,cóco,cóco,cóco,jóncho,jóncho,jóncho,jóncho,jóncho,jóncho,däd’,däd’,däd’,tädi,tädi,tädi,däd’,däd’,däd’,tädi,tädi,tädi
frankenlanguage264.csv_420,0.25,nepa,nepa,nepa,nepa,nepa,nepa,nepa,nepa,nepa,nepa,nepa,nepa,kʸakʸa,kʸakʸa,kʸakʸa,-c̷itta ɬašši,-c̷itta ɬašši,-c̷itta ɬašši,-tačču ɬašši,-tačču ɬašši,-tačču ɬašši,kuku,kuku,kuku
frankenlanguage265.csv_420,0.5,kuzen,kuzen,kuzen,kuzen,kuzen,kuzen,kuzen,kuzen,kuzen,kuzen,kuzen,kuzen,luŋ,luŋ,luŋ,pa:,pa:,pa:,luŋ,luŋ,luŋ,pa:,pa:,pa:
frankenlanguage269.csv_420,0.5,qʼuʕndɨ rišidbir,qʼuʕndɨ rišidbir,qʼuʕndɨ rišidbir,qʼuʕndɨ rišidbir,qʼuʕndɨ rišidbir,qʼuʕndɨ rišidbir,qʼuʕndɨ rišidbir,qʼuʕndɨ rišidbir,qʼuʕndɨ rišidbir,qʼuʕndɨ rišidbir,qʼuʕndɨ rišidbir,qʼuʕndɨ rišidbir,luŋ,luŋ,luŋ,pa:,pa:,pa:,luŋ,luŋ,luŋ,pa:,pa:,pa:
frankenlanguage270.csv_420,1.0,na,na,na,na,na,asowaala,na,na,na,na,na,na,kawo,kawo,kawo,kawo,kawo,kawo,baaba,baaba,baaba,wobna,wobna,wobna
frankenlanguage271.csv_420,0.25,primu],primu],primu],primu],primu],primu],primu],primu],primu],primu],primu],primu],nindɨ šu,nindɨ šu,nindɨ šu,nindɨ riši,nindɨ riši,nindɨ riši,didtɨ šu,didtɨ šu,didtɨ šu,didtɨ riši,didtɨ riši,didtɨ riši
frankenlanguage272.csv_420,0.25,cacera (bhāi),cacera (bhāi),cacera (bhāi),cacera (bhāi),cacera (bhāi),cacera (bhāi),cacera (bhāi),cacera (bhāi),cacera (bhāi),cacera (bhāi),cacera (bhāi),cacera (bhāi),na,dayı,dayı,na,teyze,teyze,na,amca,amca,na,hala,hala
frankenlanguage276.csv_420,0.5,kuzen,kuzen,kuzen,kuzen,kuzen,kuzen,kuzen,kuzen,kuzen,kuzen,kuzen,kuzen,luŋ,luŋ,luŋ,pa:,pa:,pa:,luŋ,luŋ,luŋ,pa:,pa:,pa:
frankenlanguage277.csv_420,0.5,jóncho,jóncho,jóncho,cóco,cóco,cóco,jóncho,jóncho,jóncho,jóncho,jóncho,jóncho,malume,malume,malume,mame,mame,mame,baba,baba omukulu,baba omncane,babakazi,babakazi,babakazi
frankenlanguage278.csv_420,0.25,oy-akno,oy-akno,oy-akno,oy-akno,oy-akno,oy-akno,oy-akno,oy-akno,oy-akno,oy-akno,oy-akno,oy-akno,cóca,cóca,cóca,huáata,huáata,huáata,épa,épa,épa,náchi,náchi,náchi
frankenlanguage279.csv_420,0.5,oy-akno,oy-akno,oy-akno,oy-akno,oy-akno,oy-akno,oy-akno,oy-akno,oy-akno,oy-akno,oy-akno,oy-akno,kawo,kawo,kawo,kawo,kawo,kawo,baaba,baaba,baaba,wobna,wobna,wobna
frankenlanguage280.csv_420,0.5,mzala,mzala,mzala,ukanina,ukanina,ukanina,mfo,mfo,mfo,mzala,mzala,mfo,na,maghiha,maghiha,na,na,na,na,maghiha,maghiha,na,na,na
frankenlanguage284.csv_420,0.5,khuan ńjai,khuan ńjai,khuan ńjai,khuan ńjai,khuan ńjai,khuan ńjai,khuan ńjai,khuan ńjai,khuan ńjai,khuan ńjai,khuan ńjai,khuan ńjai,garugi:,garugi:,garugi:,walgan,walgan,walgan,garugi:,garugi:,garugi:,gamiyan,gamiyan,gamiyan
frankenlanguage286.csv_420,0.75,mzala,mzala,mzala,ukanina,ukanina,ukanina,mfo,mfo,mfo,mzala,mzala,mfo,na,dayı,dayı,na,teyze,teyze,na,amca,amca,na,hala,hala
frankenlanguage290.csv_420,0.25,oy-akno,oy-akno,oy-akno,oy-akno,oy-akno,oy-akno,oy-akno,oy-akno,oy-akno,oy-akno,oy-akno,oy-akno,māmū,māmū,māmū,māsī,māsī,māsī,tāyā,tāyā,tāyā,bhūyā,bhūyā,bhūyā
frankenlanguage292.csv_420,0.5,nepa,nepa,nepa,nepa,nepa,nepa,nepa,nepa,nepa,nepa,nepa,nepa,na,na,na,na,na,na,na,na,beme ja'aka,na,jaka yo'owe,na
frankenlanguage293.csv_420,0.5,kuzen,kuzen,kuzen,kuzen,kuzen,kuzen,kuzen,kuzen,kuzen,kuzen,kuzen,kuzen,kawo,kawo,kawo,kawo,kawo,kawo,baaba,baaba,baaba,wobna,wobna,wobna
frankenlanguage295.csv_420,0.25,qʼuʕndɨ rišidbir,qʼuʕndɨ rišidbir,qʼuʕndɨ rišidbir,qʼuʕndɨ rišidbir,qʼuʕndɨ rišidbir,qʼuʕndɨ rišidbir,qʼuʕndɨ rišidbir,qʼuʕndɨ rišidbir,qʼuʕndɨ rišidbir,qʼuʕndɨ rišidbir,qʼuʕndɨ rišidbir,qʼuʕndɨ rišidbir,cóca,cóca,cóca,huáata,huáata,huáata,épa,épa,épa,náchi,náchi,náchi
frankenlanguage296.csv_420,0.6,thaatha,thaatha,thaatha,na,na,na,na,na,na,thaatha,thaatha,na,malume,malume,malume,mame,mame,mame,baba,baba omukulu,baba omncane,babakazi,babakazi,babakazi
frankenlanguage297.csv_420,0.14285714285714285,oy-akno,oy-akno,oy-akno,oy-akno,oy-akno,oy-akno,oy-akno,oy-akno,oy-akno,oy-akno,oy-akno,oy-akno,na,menamama,na,na,beddamma,na,na,beddava,nanno,sowdamma,sowdamma,sowdamma
frankenlanguage299.csv_420,0.75,mzala,mzala,mzala,ukanina,ukanina,ukanina,mfo,mfo,mfo,mzala,mzala,mfo,māmū,māmū,māmū,māsī,māsī,māsī,tāyā,tāyā,tāyā,bhūyā,bhūyā,bhūyā
frankenlanguage30.csv_420,0.5,waas,waas,waas,waas,waas,waas,waas,waas,waas,waas,waas,waas,luŋ,luŋ,luŋ,pa:,pa:,pa:,luŋ,luŋ,luŋ,pa:,pa:,pa:
frankenlanguage300.csv_420,0.5,khuan ńjai,khuan ńjai,khuan ńjai,khuan ńjai,khuan ńjai,khuan ńjai,khuan ńjai,khuan ńjai,khuan ńjai,khuan ńjai,khuan ńjai,khuan ńjai,garugi:,garugi:,garugi:,walgan,walgan,walgan,garugi:,garugi:,garugi:,gamiyan,gamiyan,gamiyan
frankenlanguage302.csv_420,0.25,kuzen,kuzen,kuzen,kuzen,kuzen,kuzen,kuzen,kuzen,kuzen,kuzen,kuzen,kuzen,māmū,māmū,māmū,māsī,māsī,māsī,tāyā,tāyā,tāyā,bhūyā,bhūyā,bhūyā
frankenlanguage303.csv_420,0.6,thaatha,thaatha,thaatha,na,na,na,na,na,na,thaatha,thaatha,na,däd’,däd’,däd’,tädi,tädi,tädi,däd’,däd’,däd’,tädi,tädi,tädi
frankenlanguage304.csv_420,0.25,waas,waas,waas,waas,waas,waas,waas,waas,waas,waas,waas,waas,māmū,māmū,māmū,māsī,māsī,māsī,tāyā,tāyā,tāyā,bhūyā,bhūyā,bhūyā
frankenlanguage305.csv_420,0.25,khuan ńjai,khuan ńjai,khuan ńjai,khuan ńjai,khuan ńjai,khuan ńjai,khuan ńjai,khuan ńjai,khuan ńjai,khuan ńjai,khuan ńjai,khuan ńjai,na,dayı,dayı,na,teyze,teyze,na,amca,amca,na,hala,hala
frankenlanguage309.csv_420,0.6666666666666666,thaatha,thaatha,thaatha,na,na,na,na,na,na,thaatha,thaatha,na,na,"娘舅, 舅舅","娘舅, 舅舅",na,娘姨xx,na,na,"大伯, 伯伯",阿叔,na,"嬷嬷, 好伯",娘娘
frankenlanguage311.csv_420,0.5,khuan ńjai,khuan ńjai,khuan ńjai,khuan ńjai,khuan ńjai,khuan ńjai,khuan ńjai,khuan ńjai,khuan ńjai,khuan ńjai,khuan ńjai,khuan ńjai,o-tam-ru,o-tam-ru,o-tam-ru,yɨ-son,yɨ-son,yɨ-son,yɨɨm,yɨɨm,yɨɨm,o-tam-ru,o-tam-ru,o-tam-ru
frankenlanguage312.csv_420,0.25,bratan,bratan,bratan,bratan,bratan,bratan,bratan,bratan,bratan,bratan,bratan,bratan,nindɨ šu,nindɨ šu,nindɨ šu,nindɨ riši,nindɨ riši,nindɨ riši,didtɨ šu,didtɨ šu,didtɨ šu,didtɨ riši,didtɨ riši,didtɨ riši
frankenlanguage313.csv_420,0.25,cacera (bhāi),cacera (bhāi),cacera (bhāi),cacera (bhāi),cacera (bhāi),cacera (bhāi),cacera (bhāi),cacera (bhāi),cacera (bhāi),cacera (bhāi),cacera (bhāi),cacera (bhāi),-l-atɨ,-l-atɨ,-l-atɨ,e'u,e'u,e'u,papa,papa,papa,pipi,pipi,pipi
frankenlanguage314.csv_420,0.25,qʼuʕndɨ rišidbir,qʼuʕndɨ rišidbir,qʼuʕndɨ rišidbir,qʼuʕndɨ rišidbir,qʼuʕndɨ rišidbir,qʼuʕndɨ rišidbir,qʼuʕndɨ rišidbir,qʼuʕndɨ rišidbir,qʼuʕndɨ rišidbir,qʼuʕndɨ rišidbir,qʼuʕndɨ rišidbir,qʼuʕndɨ rišidbir,kʸakʸa,kʸakʸa,kʸakʸa,-c̷itta ɬašši,-c̷itta ɬašši,-c̷itta ɬašši,-tačču ɬašši,-tačču ɬašši,-tačču ɬašši,kuku,kuku,kuku
frankenlanguage315.csv_420,1.0,khuan ńjai,khuan ńjai,khuan ńjai,khuan ńjai,khuan ńjai,khuan ńjai,khuan ńjai,khuan ńjai,khuan ńjai,khuan ńjai,khuan ńjai,khuan ńjai,na,maghiha,maghiha,na,na,na,na,maghiha,maghiha,na,na,na
frankenlanguage316.csv_420,0.5,mzala,mzala,mzala,ukanina,ukanina,ukanina,mfo,mfo,mfo,mzala,mzala,mfo,luŋ,luŋ,luŋ,pa:,pa:,pa:,luŋ,luŋ,luŋ,pa:,pa:,pa:
frankenlanguage317.csv_420,0.25,qʼuʕndɨ rišidbir,qʼuʕndɨ rišidbir,qʼuʕndɨ rišidbir,qʼuʕndɨ rišidbir,qʼuʕndɨ rišidbir,qʼuʕndɨ rišidbir,qʼuʕndɨ rišidbir,qʼuʕndɨ rišidbir,qʼuʕndɨ rišidbir,qʼuʕndɨ rišidbir,qʼuʕndɨ rišidbir,qʼuʕndɨ rišidbir,cóca,cóca,cóca,huáata,huáata,huáata,épa,épa,épa,náchi,náchi,náchi
frankenlanguage318.csv_420,0.14285714285714285,qʼuʕndɨ rišidbir,qʼuʕndɨ rišidbir,qʼuʕndɨ rišidbir,qʼuʕndɨ rišidbir,qʼuʕndɨ rišidbir,qʼuʕndɨ rišidbir,qʼuʕndɨ rišidbir,qʼuʕndɨ rišidbir,qʼuʕndɨ rišidbir,qʼuʕndɨ rišidbir,qʼuʕndɨ rišidbir,qʼuʕndɨ rišidbir,na,menamama,na,na,beddamma,na,na,beddava,nanno,sowdamma,sowdamma,sowdamma
frankenlanguage319.csv_420,0.6,thaatha,thaatha,thaatha,na,na,na,na,na,na,thaatha,thaatha,na,māmū,māmū,māmū,māsī,māsī,māsī,tāyā,tāyā,tāyā,bhūyā,bhūyā,bhūyā
frankenlanguage322.csv_420,0.5,qʼuʕndɨ rišidbir,qʼuʕndɨ rišidbir,qʼuʕndɨ rišidbir,qʼuʕndɨ rišidbir,qʼuʕndɨ rišidbir,qʼuʕndɨ rišidbir,qʼuʕndɨ rišidbir,qʼuʕndɨ rišidbir,qʼuʕndɨ rišidbir,qʼuʕndɨ rišidbir,qʼuʕndɨ rišidbir,qʼuʕndɨ rišidbir,kawo,kawo,kawo,kawo,kawo,kawo,baaba,baaba,baaba,wobna,wobna,wobna
frankenlanguage324.csv_420,0.5,kuzen,kuzen,kuzen,kuzen,kuzen,kuzen,kuzen,kuzen,kuzen,kuzen,kuzen,kuzen,garugi:,garugi:,garugi:,walgan,walgan,walgan,garugi:,garugi:,garugi:,gamiyan,gamiyan,gamiyan
frankenlanguage327.csv_420,0.6,aai,aai,aai,na,na,na,na,na,na,aai,aai,na,luŋ,luŋ,luŋ,pa:,pa:,pa:,luŋ,luŋ,luŋ,pa:,pa:,pa:
frankenlanguage328.csv_420,0.25,kuzen,kuzen,kuzen,kuzen,kuzen,kuzen,kuzen,kuzen,kuzen,kuzen,kuzen,kuzen,kʸakʸa,kʸakʸa,kʸakʸa,-c̷itta ɬašši,-c̷itta ɬašši,-c̷itta ɬašši,-tačču ɬašši,-tačču ɬašši,-tačču ɬašši,kuku,kuku,kuku
frankenlanguage329.csv_420,0.25,primu],primu],primu],primu],primu],primu],primu],primu],primu],primu],primu],primu],cóca,cóca,cóca,huáata,huáata,huáata,épa,épa,épa,náchi,náchi,náchi
frankenlanguage33.csv_420,0.5,cacera (bhāi),cacera (bhāi),cacera (bhāi),cacera (bhāi),cacera (bhāi),cacera (bhāi),cacera (bhāi),cacera (bhāi),cacera (bhāi),cacera (bhāi),cacera (bhāi),cacera (bhāi),däd’,däd’,däd’,tädi,tädi,tädi,däd’,däd’,däd’,tädi,tädi,tädi
frankenlanguage330.csv_420,0.25,waas,waas,waas,waas,waas,waas,waas,waas,waas,waas,waas,waas,na,dayı,dayı,na,teyze,teyze,na,amca,amca,na,hala,hala
frankenlanguage331.csv_420,0.25,bratan,bratan,bratan,bratan,bratan,bratan,bratan,bratan,bratan,bratan,bratan,bratan,na,acha,acha,na,atung,achi,na,awa di,adai,na,apa,amoi
frankenlanguage335.csv_420,0.5,kuzen,kuzen,kuzen,kuzen,kuzen,kuzen,kuzen,kuzen,kuzen,kuzen,kuzen,kuzen,na,na,na,na,na,na,na,na,beme ja'aka,na,jaka yo'owe,na
frankenlanguage336.csv_420,0.25,bratan,bratan,bratan,bratan,bratan,bratan,bratan,bratan,bratan,bratan,bratan,bratan,-l-atɨ,-l-atɨ,-l-atɨ,e'u,e'u,e'u,papa,papa,papa,pipi,pipi,pipi
frankenlanguage338.csv_420,0.25,oy-akno,oy-akno,oy-akno,oy-akno,oy-akno,oy-akno,oy-akno,oy-akno,oy-akno,oy-akno,oy-akno,oy-akno,nindɨ šu,nindɨ šu,nindɨ šu,nindɨ riši,nindɨ riši,nindɨ riši,didtɨ šu,didtɨ šu,didtɨ šu,didtɨ riši,didtɨ riši,didtɨ riši
frankenlanguage34.csv_420,0.5,bratan,bratan,bratan,bratan,bratan,bratan,bratan,bratan,bratan,bratan,bratan,bratan,o-tam-ru,o-tam-ru,o-tam-ru,yɨ-son,yɨ-son,yɨ-son,yɨɨm,yɨɨm,yɨɨm,o-tam-ru,o-tam-ru,o-tam-ru
frankenlanguage340.csv_420,0.2857142857142857,primu],primu],primu],primu],primu],primu],primu],primu],primu],primu],primu],primu],na,"娘舅, 舅舅","娘舅, 舅舅",na,娘姨xx,na,na,"大伯, 伯伯",阿叔,na,"嬷嬷, 好伯",娘娘
frankenlanguage341.csv_420,0.25,oy-akno,oy-akno,oy-akno,oy-akno,oy-akno,oy-akno,oy-akno,oy-akno,oy-akno,oy-akno,oy-akno,oy-akno,-l-atɨ,-l-atɨ,-l-atɨ,e'u,e'u,e'u,papa,papa,papa,pipi,pipi,pipi
frankenlanguage343.csv_420,0.25,oy-akno,oy-akno,oy-akno,oy-akno,oy-akno,oy-akno,oy-akno,oy-akno,oy-akno,oy-akno,oy-akno,oy-akno,māmū,māmū,māmū,māsī,māsī,māsī,tāyā,tāyā,tāyā,bhūyā,bhūyā,bhūyā
frankenlanguage344.csv_420,0.42857142857142855,mzala,mzala,mzala,ukanina,ukanina,ukanina,mfo,mfo,mfo,mzala,mzala,mfo,na,menamama,na,na,beddamma,na,na,beddava,nanno,sowdamma,sowdamma,sowdamma
frankenlanguage347.csv_420,0.25,khuan ńjai,khuan ńjai,khuan ńjai,khuan ńjai,khuan ńjai,khuan ńjai,khuan ńjai,khuan ńjai,khuan ńjai,khuan ńjai,khuan ńjai,khuan ńjai,kʸakʸa,kʸakʸa,kʸakʸa,-c̷itta ɬašši,-c̷itta ɬašši,-c̷itta ɬašši,-tačču ɬašši,-tačču ɬašši,-tačču ɬašši,kuku,kuku,kuku
frankenlanguage350.csv_420,0.25,bratan,bratan,bratan,bratan,bratan,bratan,bratan,bratan,bratan,bratan,bratan,bratan,māmū,māmū,māmū,māsī,māsī,māsī,tāyā,tāyā,tāyā,bhūyā,bhūyā,bhūyā
frankenlanguage351.csv_420,0.25,bratan,bratan,bratan,bratan,bratan,bratan,bratan,bratan,bratan,bratan,bratan,bratan,kʸakʸa,kʸakʸa,kʸakʸa,-c̷itta ɬašši,-c̷itta ɬašši,-c̷itta ɬašši,-tačču ɬašši,-tačču ɬašši,-tačču ɬašši,kuku,kuku,kuku
frankenlanguage352.csv_420,0.75,mzala,mzala,mzala,ukanina,ukanina,ukanina,mfo,mfo,mfo,mzala,mzala,mfo,cóca,cóca,cóca,huáata,huáata,huáata,épa,épa,épa,náchi,náchi,náchi
frankenlanguage353.csv_420,0.5,cacera (bhāi),cacera (bhāi),cacera (bhāi),cacera (bhāi),cacera (bhāi),cacera (bhāi),cacera (bhāi),cacera (bhāi),cacera (bhāi),cacera (bhāi),cacera (bhāi),cacera (bhāi),luŋ,luŋ,luŋ,pa:,pa:,pa:,luŋ,luŋ,luŋ,pa:,pa:,pa:
frankenlanguage354.csv_420,0.25,nepa,nepa,nepa,nepa,nepa,nepa,nepa,nepa,nepa,nepa,nepa,nepa,malume,malume,malume,mame,mame,mame,baba,baba omukulu,baba omncane,babakazi,babakazi,babakazi
frankenlanguage355.csv_420,0.2857142857142857,qʼuʕndɨ rišidbir,qʼuʕndɨ rišidbir,qʼuʕndɨ rišidbir,qʼuʕndɨ rišidbir,qʼuʕndɨ rišidbir,qʼuʕndɨ rišidbir,qʼuʕndɨ rišidbir,qʼuʕndɨ rišidbir,qʼuʕndɨ rišidbir,qʼuʕndɨ rišidbir,qʼuʕndɨ rišidbir,qʼuʕndɨ rišidbir,na,"娘舅, 舅舅","娘舅, 舅舅",na,娘姨xx,na,na,"大伯, 伯伯",阿叔,na,"嬷嬷, 好伯",娘娘
frankenlanguage358.csv_420,0.25,primu],primu],primu],primu],primu],primu],primu],primu],primu],primu],primu],primu],malume,malume,malume,mame,mame,mame,baba,baba omukulu,baba omncane,babakazi,babakazi,babakazi
frankenlanguage359.csv_420,0.14285714285714285,kuzen,kuzen,kuzen,kuzen,kuzen,kuzen,kuzen,kuzen,kuzen,kuzen,kuzen,kuzen,na,menamama,na,na,beddamma,na,na,beddava,nanno,sowdamma,sowdamma,sowdamma
frankenlanguage36.csv_420,0.75,mzala,mzala,mzala,ukanina,ukanina,ukanina,mfo,mfo,mfo,mzala,mzala,mfo,na,"yaake, awa","yaake, awa",na,papa,papa,na,mae,mae,na,arombo,arombo
frankenlanguage360.csv_420,0.6666666666666666,thaatha,thaatha,thaatha,na,na,na,na,na,na,thaatha,thaatha,na,na,"yaake, awa","yaake, awa",na,papa,papa,na,mae,mae,na,arombo,arombo
frankenlanguage363.csv_420,0.5,primu],primu],primu],primu],primu],primu],primu],primu],primu],primu],primu],primu],na,na,na,na,na,na,na,na,beme ja'aka,na,jaka yo'owe,na
frankenlanguage364.csv_420,0.5,jóncho,jóncho,jóncho,cóco,cóco,cóco,jóncho,jóncho,jóncho,jóncho,jóncho,jóncho,kʸakʸa,kʸakʸa,kʸakʸa,-c̷itta ɬašši,-c̷itta ɬašši,-c̷itta ɬašši,-tačču ɬašši,-tačču ɬašši,-tačču ɬašši,kuku,kuku,kuku
frankenlanguage365.csv_420,1.0,aai,aai,aai,na,na,na,na,na,na,aai,aai,na,o-tam-ru,o-tam-ru,o-tam-ru,yɨ-son,yɨ-son,yɨ-son,yɨɨm,yɨɨm,yɨɨm,o-tam-ru,o-tam-ru,o-tam-ru
frankenlanguage366.csv_420,1.0,khuan ńjai,khuan ńjai,khuan ńjai,khuan ńjai,khuan ńjai,khuan ńjai,khuan ńjai,khuan ńjai,khuan ńjai,khuan ńjai,khuan ńjai,khuan ńjai,na,maghiha,maghiha,na,na,na,na,maghiha,maghiha,na,na,na
frankenlanguage368.csv_420,0.25,qʼuʕndɨ rišidbir,qʼuʕndɨ rišidbir,qʼuʕndɨ rišidbir,qʼuʕndɨ rišidbir,qʼuʕndɨ rišidbir,qʼuʕndɨ rišidbir,qʼuʕndɨ rišidbir,qʼuʕndɨ rišidbir,qʼuʕndɨ rišidbir,qʼuʕndɨ rišidbir,qʼuʕndɨ rišidbir,qʼuʕndɨ rišidbir,malume,malume,malume,mame,mame,mame,baba,baba omukulu,baba omncane,babakazi,babakazi,babakazi
frankenlanguage369.csv_420,0.5,waas,waas,waas,waas,waas,waas,waas,waas,waas,waas,waas,waas,na,na,na,na,na,na,na,na,beme ja'aka,na,jaka yo'owe,na
frankenlanguage370.csv_420,0.25,nepa,nepa,nepa,nepa,nepa,nepa,nepa,nepa,nepa,nepa,nepa,nepa,māmū,māmū,māmū,māsī,māsī,māsī,tāyā,tāyā,tāyā,bhūyā,bhūyā,bhūyā
frankenlanguage372.csv_420,0.5,bratan,bratan,bratan,bratan,bratan,bratan,bratan,bratan,bratan,bratan,bratan,bratan,na,na,na,na,na,na,na,na,beme ja'aka,na,jaka yo'owe,na
frankenlanguage374.csv_420,0.5,cacera (bhāi),cacera (bhāi),cacera (bhāi),cacera (bhāi),cacera (bhāi),cacera (bhāi),cacera (bhāi),cacera (bhāi),cacera (bhāi),cacera (bhāi),cacera (bhāi),cacera (bhāi),o-tam-ru,o-tam-ru,o-tam-ru,yɨ-son,yɨ-son,yɨ-son,yɨɨm,yɨɨm,yɨɨm,o-tam-ru,o-tam-ru,o-tam-ru
frankenlanguage375.csv_420,0.25,nepa,nepa,nepa,nepa,nepa,nepa,nepa,nepa,nepa,nepa,nepa,nepa,na,"yaake, awa","yaake, awa",na,papa,papa,na,mae,mae,na,arombo,arombo
frankenlanguage377.csv_420,0.5,bratan,bratan,bratan,bratan,bratan,bratan,bratan,bratan,bratan,bratan,bratan,bratan,kawo,kawo,kawo,kawo,kawo,kawo,baaba,baaba,baaba,wobna,wobna,wobna
frankenlanguage38.csv_420,0.2857142857142857,khuan ńjai,khuan ńjai,khuan ńjai,khuan ńjai,khuan ńjai,khuan ńjai,khuan ńjai,khuan ńjai,khuan ńjai,khuan ńjai,khuan ńjai,khuan ńjai,na,"娘舅, 舅舅","娘舅, 舅舅",na,娘姨xx,na,na,"大伯, 伯伯",阿叔,na,"嬷嬷, 好伯",娘娘
frankenlanguage382.csv_420,0.5,oy-akno,oy-akno,oy-akno,oy-akno,oy-akno,oy-akno,oy-akno,oy-akno,oy-akno,oy-akno,oy-akno,oy-akno,kawo,kawo,kawo,kawo,kawo,kawo,baaba,baaba,baaba,wobna,wobna,wobna
frankenlanguage384.csv_420,0.3333333333333333,aai,aai,aai,na,na,na,na,na,na,aai,aai,na,na,menamama,na,na,beddamma,na,na,beddava,nanno,sowdamma,sowdamma,sowdamma
frankenlanguage387.csv_420,0.25,nepa,nepa,nepa,nepa,nepa,nepa,nepa,nepa,nepa,nepa,nepa,nepa,kʸakʸa,kʸakʸa,kʸakʸa,-c̷itta ɬašši,-c̷itta ɬašši,-c̷itta ɬašši,-tačču ɬašši,-tačču ɬašši,-tačču ɬašši,kuku,kuku,kuku
frankenlanguage389.csv_420,0.5,bratan,bratan,bratan,bratan,bratan,bratan,bratan,bratan,bratan,bratan,bratan,bratan,kawo,kawo,kawo,kawo,kawo,kawo,baaba,baaba,baaba,wobna,wobna,wobna
frankenlanguage39.csv_420,0.5,oy-akno,oy-akno,oy-akno,oy-akno,oy-akno,oy-akno,oy-akno,oy-akno,oy-akno,oy-akno,oy-akno,oy-akno,däd’,däd’,däd’,tädi,tädi,tädi,däd’,däd’,däd’,tädi,tädi,tädi
frankenlanguage391.csv_420,0.25,khuan ńjai,khuan ńjai,khuan ńjai,khuan ńjai,khuan ńjai,khuan ńjai,khuan ńjai,khuan ńjai,khuan ńjai,khuan ńjai,khuan ńjai,khuan ńjai,na,"yaake, awa","yaake, awa",na,papa,papa,na,mae,mae,na,arombo,arombo
frankenlanguage392.csv_420,0.25,waas,waas,waas,waas,waas,waas,waas,waas,waas,waas,waas,waas,nindɨ šu,nindɨ šu,nindɨ šu,nindɨ riši,nindɨ riši,nindɨ riši,didtɨ šu,didtɨ šu,didtɨ šu,didtɨ riši,didtɨ riši,didtɨ riši
frankenlanguage393.csv_420,0.25,waas,waas,waas,waas,waas,waas,waas,waas,waas,waas,waas,waas,na,dayı,dayı,na,teyze,teyze,na,amca,amca,na,hala,hala
frankenlanguage395.csv_420,0.5,qʼuʕndɨ rišidbir,qʼuʕndɨ rišidbir,qʼuʕndɨ rišidbir,qʼuʕndɨ rišidbir,qʼuʕndɨ rišidbir,qʼuʕndɨ rišidbir,qʼuʕndɨ rišidbir,qʼuʕndɨ rišidbir,qʼuʕndɨ rišidbir,qʼuʕndɨ rišidbir,qʼuʕndɨ rišidbir,qʼuʕndɨ rišidbir,kawo,kawo,kawo,kawo,kawo,kawo,baaba,baaba,baaba,wobna,wobna,wobna
frankenlanguage396.csv_420,0.2857142857142857,khuan ńjai,khuan ńjai,khuan ńjai,khuan ńjai,khuan ńjai,khuan ńjai,khuan ńjai,khuan ńjai,khuan ńjai,khuan ńjai,khuan ńjai,khuan ńjai,na,"娘舅, 舅舅","娘舅, 舅舅",na,娘姨xx,na,na,"大伯, 伯伯",阿叔,na,"嬷嬷, 好伯",娘娘
frankenlanguage398.csv_420,0.5,oy-akno,oy-akno,oy-akno,oy-akno,oy-akno,oy-akno,oy-akno,oy-akno,oy-akno,oy-akno,oy-akno,oy-akno,kawo,kawo,kawo,kawo,kawo,kawo,baaba,baaba,baaba,wobna,wobna,wobna
frankenlanguage399.csv_420,0.25,waas,waas,waas,waas,waas,waas,waas,waas,waas,waas,waas,waas,malume,malume,malume,mame,mame,mame,baba,baba omukulu,baba omncane,babakazi,babakazi,babakazi
frankenlanguage4.csv_420,0.2857142857142857,kuzen,kuzen,kuzen,kuzen,kuzen,kuzen,kuzen,kuzen,kuzen,kuzen,kuzen,kuzen,na,"娘舅, 舅舅","娘舅, 舅舅",na,娘姨xx,na,na,"大伯, 伯伯",阿叔,na,"嬷嬷, 好伯",娘娘
frankenlanguage400.csv_420,0.5,oy-akno,oy-akno,oy-akno,oy-akno,oy-akno,oy-akno,oy-akno,oy-akno,oy-akno,oy-akno,oy-akno,oy-akno,luŋ,luŋ,luŋ,pa:,pa:,pa:,luŋ,luŋ,luŋ,pa:,pa:,pa:
frankenlanguage401.csv_420,0.14285714285714285,cacera (bhāi),cacera (bhāi),cacera (bhāi),cacera (bhāi),cacera (bhāi),cacera (bhāi),cacera (bhāi),cacera (bhāi),cacera (bhāi),cacera (bhāi),cacera (bhāi),cacera (bhāi),na,menamama,na,na,beddamma,na,na,beddava,nanno,sowdamma,sowdamma,sowdamma
frankenlanguage402.csv_420,0.25,bratan,bratan,bratan,bratan,bratan,bratan,bratan,bratan,bratan,bratan,bratan,bratan,malume,malume,malume,mame,mame,mame,baba,baba omukulu,baba omncane,babakazi,babakazi,babakazi
frankenlanguage403.csv_420,0.25,waas,waas,waas,waas,waas,waas,waas,waas,waas,waas,waas,waas,na,dayı,dayı,na,teyze,teyze,na,amca,amca,na,hala,hala
frankenlanguage404.csv_420,0.5,nepa,nepa,nepa,nepa,nepa,nepa,nepa,nepa,nepa,nepa,nepa,nepa,däd’,däd’,däd’,tädi,tädi,tädi,däd’,däd’,däd’,tädi,tädi,tädi
frankenlanguage405.csv_420,0.5,primu],primu],primu],primu],primu],primu],primu],primu],primu],primu],primu],primu],na,na,na,na,na,na,na,na,beme ja'aka,na,jaka yo'owe,na
frankenlanguage406.csv_420,1.0,khuan ńjai,khuan ńjai,khuan ńjai,khuan ńjai,khuan ńjai,khuan ńjai,khuan ńjai,khuan ńjai,khuan ńjai,khuan ńjai,khuan ńjai,khuan ńjai,na,maghiha,maghiha,na,na,na,na,maghiha,maghiha,na,na,na
frankenlanguage407.csv_420,0.25,qʼuʕndɨ rišidbir,qʼuʕndɨ rišidbir,qʼuʕndɨ rišidbir,qʼuʕndɨ rišidbir,qʼuʕndɨ rišidbir,qʼuʕndɨ rišidbir,qʼuʕndɨ rišidbir,qʼuʕndɨ rišidbir,qʼuʕndɨ rišidbir,qʼuʕndɨ rišidbir,qʼuʕndɨ rišidbir,qʼuʕndɨ rišidbir,māmū,māmū,māmū,māsī,māsī,māsī,tāyā,tāyā,tāyā,bhūyā,bhūyā,bhūyā
frankenlanguage41.csv_420,1.0,jóncho,jóncho,jóncho,cóco,cóco,cóco,jóncho,jóncho,jóncho,jóncho,jóncho,jóncho,na,maghiha,maghiha,na,na,na,na,maghiha,maghiha,na,na,na
frankenlanguage410.csv_420,0.25,bratan,bratan,bratan,bratan,bratan,bratan,bratan,bratan,bratan,bratan,bratan,bratan,na,acha,acha,na,atung,achi,na,awa di,adai,na,apa,amoi
frankenlanguage411.csv_420,0.14285714285714285,cacera (bhāi),cacera (bhāi),cacera (bhāi),cacera (bhāi),cacera (bhāi),cacera (bhāi),cacera (bhāi),cacera (bhāi),cacera (bhāi),cacera (bhāi),cacera (bhāi),cacera (bhāi),na,menamama,na,na,beddamma,na,na,beddava,nanno,sowdamma,sowdamma,sowdamma
frankenlanguage412.csv_420,0.5,cacera (bhāi),cacera (bhāi),cacera (bhāi),cacera (bhāi),cacera (bhāi),cacera (bhāi),cacera (bhāi),cacera (bhāi),cacera (bhāi),cacera (bhāi),cacera (bhāi),cacera (bhāi),netsim,netsim,netsim,netul,netul,netul,netsim,netsim,netsim,netul,netul,netul
frankenlanguage414.csv_420,0.2857142857142857,khuan ńjai,khuan ńjai,khuan ńjai,khuan ńjai,khuan ńjai,khuan ńjai,khuan ńjai,khuan ńjai,khuan ńjai,khuan ńjai,khuan ńjai,khuan ńjai,na,"娘舅, 舅舅","娘舅, 舅舅",na,娘姨xx,na,na,"大伯, 伯伯",阿叔,na,"嬷嬷, 好伯",娘娘
frankenlanguage415.csv_420,1.0,thaatha,thaatha,thaatha,na,na,na,na,na,na,thaatha,thaatha,na,o-tam-ru,o-tam-ru,o-tam-ru,yɨ-son,yɨ-son,yɨ-son,yɨɨm,yɨɨm,yɨɨm,o-tam-ru,o-tam-ru,o-tam-ru
frankenlanguage418.csv_420,0.25,khuan ńjai,khuan ńjai,khuan ńjai,khuan ńjai,khuan ńjai,khuan ńjai,khuan ńjai,khuan ńjai,khuan ńjai,khuan ńjai,khuan ńjai,khuan ńjai,na,acha,acha,na,atung,achi,na,awa di,adai,na,apa,amoi
frankenlanguage419.csv_420,0.6,thaatha,thaatha,thaatha,na,na,na,na,na,na,thaatha,thaatha,na,malume,malume,malume,mame,mame,mame,baba,baba omukulu,baba omncane,babakazi,babakazi,babakazi
frankenlanguage420.csv_420,0.25,nepa,nepa,nepa,nepa,nepa,nepa,nepa,nepa,nepa,nepa,nepa,nepa,na,dayı,dayı,na,teyze,teyze,na,amca,amca,na,hala,hala
frankenlanguage421.csv_420,0.6,aai,aai,aai,na,na,na,na,na,na,aai,aai,na,-l-atɨ,-l-atɨ,-l-atɨ,e'u,e'u,e'u,papa,papa,papa,pipi,pipi,pipi
frankenlanguage422.csv_420,0.5,oy-akno,oy-akno,oy-akno,oy-akno,oy-akno,oy-akno,oy-akno,oy-akno,oy-akno,oy-akno,oy-akno,oy-akno,garugi:,garugi:,garugi:,walgan,walgan,walgan,garugi:,garugi:,garugi:,gamiyan,gamiyan,gamiyan
frankenlanguage425.csv_420,1.0,thaatha,thaatha,thaatha,na,na,na,na,na,na,thaatha,thaatha,na,o-tam-ru,o-tam-ru,o-tam-ru,yɨ-son,yɨ-son,yɨ-son,yɨɨm,yɨɨm,yɨɨm,o-tam-ru,o-tam-ru,o-tam-ru
frankenlanguage427.csv_420,0.5,waas,waas,waas,waas,waas,waas,waas,waas,waas,waas,waas,waas,o-tam-ru,o-tam-ru,o-tam-ru,yɨ-son,yɨ-son,yɨ-son,yɨɨm,yɨɨm,yɨɨm,o-tam-ru,o-tam-ru,o-tam-ru
frankenlanguage428.csv_420,0.5,primu],primu],primu],primu],primu],primu],primu],primu],primu],primu],primu],primu],luŋ,luŋ,luŋ,pa:,pa:,pa:,luŋ,luŋ,luŋ,pa:,pa:,pa:
frankenlanguage429.csv_420,0.25,bratan,bratan,bratan,bratan,bratan,bratan,bratan,bratan,bratan,bratan,bratan,bratan,kʸakʸa,kʸakʸa,kʸakʸa,-c̷itta ɬašši,-c̷itta ɬašši,-c̷itta ɬašši,-tačču ɬašši,-tačču ɬašši,-tačču ɬašši,kuku,kuku,kuku
frankenlanguage43.csv_420,0.25,bratan,bratan,bratan,bratan,bratan,bratan,bratan,bratan,bratan,bratan,bratan,bratan,cóca,cóca,cóca,huáata,huáata,huáata,épa,épa,épa,náchi,náchi,náchi
frankenlanguage430.csv_420,1.0,kuzen,kuzen,kuzen,kuzen,kuzen,kuzen,kuzen,kuzen,kuzen,kuzen,kuzen,kuzen,na,maghiha,maghiha,na,na,na,na,maghiha,maghiha,na,na,na
frankenlanguage431.csv_420,0.5,kuzen,kuzen,kuzen,kuzen,kuzen,kuzen,kuzen,kuzen,kuzen,kuzen,kuzen,kuzen,däd’,däd’,däd’,tädi,tädi,tädi,däd’,däd’,däd’,tädi,tädi,tädi
frankenlanguage433.csv_420,0.25,oy-akno,oy-akno,oy-akno,oy-akno,oy-akno,oy-akno,oy-akno,oy-akno,oy-akno,oy-akno,oy-akno,oy-akno,na,"yaake, awa","yaake, awa",na,papa,papa,na,mae,mae,na,arombo,arombo
frankenlanguage438.csv_420,0.25,waas,waas,waas,waas,waas,waas,waas,waas,waas,waas,waas,waas,malume,malume,malume,mame,mame,mame,baba,baba omukulu,baba omncane,babakazi,babakazi,babakazi
frankenlanguage439.csv_420,0.5,qʼuʕndɨ rišidbir,qʼuʕndɨ rišidbir,qʼuʕndɨ rišidbir,qʼuʕndɨ rišidbir,qʼuʕndɨ rišidbir,qʼuʕndɨ rišidbir,qʼuʕndɨ rišidbir,qʼuʕndɨ rišidbir,qʼuʕndɨ rišidbir,qʼuʕndɨ rišidbir,qʼuʕndɨ rišidbir,qʼuʕndɨ rišidbir,garugi:,garugi:,garugi:,walgan,walgan,walgan,garugi:,garugi:,garugi:,gamiyan,gamiyan,gamiyan
frankenlanguage44.csv_420,0.14285714285714285,qʼuʕndɨ rišidbir,qʼuʕndɨ rišidbir,qʼuʕndɨ rišidbir,qʼuʕndɨ rišidbir,qʼuʕndɨ rišidbir,qʼuʕndɨ rišidbir,qʼuʕndɨ rišidbir,qʼuʕndɨ rišidbir,qʼuʕndɨ rišidbir,qʼuʕndɨ rišidbir,qʼuʕndɨ rišidbir,qʼuʕndɨ rišidbir,na,menamama,na,na,beddamma,na,na,beddava,nanno,sowdamma,sowdamma,sowdamma
frankenlanguage440.csv_420,0.25,oy-akno,oy-akno,oy-akno,oy-akno,oy-akno,oy-akno,oy-akno,oy-akno,oy-akno,oy-akno,oy-akno,oy-akno,nindɨ šu,nindɨ šu,nindɨ šu,nindɨ riši,nindɨ riši,nindɨ riši,didtɨ šu,didtɨ šu,didtɨ šu,didtɨ riši,didtɨ riši,didtɨ riši
frankenlanguage441.csv_420,0.25,kuzen,kuzen,kuzen,kuzen,kuzen,kuzen,kuzen,kuzen,kuzen,kuzen,kuzen,kuzen,na,acha,acha,na,atung,achi,na,awa di,adai,na,apa,amoi
frankenlanguage442.csv_420,0.25,cacera (bhāi),cacera (bhāi),cacera (bhāi),cacera (bhāi),cacera (bhāi),cacera (bhāi),cacera (bhāi),cacera (bhāi),cacera (bhāi),cacera (bhāi),cacera (bhāi),cacera (bhāi),-l-atɨ,-l-atɨ,-l-atɨ,e'u,e'u,e'u,papa,papa,papa,pipi,pipi,pipi
frankenlanguage446.csv_420,0.6,aai,aai,aai,na,na,na,na,na,na,aai,aai,na,cóca,cóca,cóca,huáata,huáata,huáata,épa,épa,épa,náchi,náchi,náchi
frankenlanguage447.csv_420,0.5,cacera (bhāi),cacera (bhāi),cacera (bhāi),cacera (bhāi),cacera (bhāi),cacera (bhāi),cacera (bhāi),cacera (bhāi),cacera (bhāi),cacera (bhāi),cacera (bhāi),cacera (bhāi),o-tam-ru,o-tam-ru,o-tam-ru,yɨ-son,yɨ-son,yɨ-son,yɨɨm,yɨɨm,yɨɨm,o-tam-ru,o-tam-ru,o-tam-ru
frankenlanguage448.csv_420,0.25,primu],primu],primu],primu],primu],primu],primu],primu],primu],primu],primu],primu],nindɨ šu,nindɨ šu,nindɨ šu,nindɨ riši,nindɨ riši,nindɨ riši,didtɨ šu,didtɨ šu,didtɨ šu,didtɨ riši,didtɨ riši,didtɨ riši
frankenlanguage45.csv_420,0.5,khuan ńjai,khuan ńjai,khuan ńjai,khuan ńjai,khuan ńjai,khuan ńjai,khuan ńjai,khuan ńjai,khuan ńjai,khuan ńjai,khuan ńjai,khuan ńjai,garugi:,garugi:,garugi:,walgan,walgan,walgan,garugi:,garugi:,garugi:,gamiyan,gamiyan,gamiyan
frankenlanguage450.csv_420,0.6,thaatha,thaatha,thaatha,na,na,na,na,na,na,thaatha,thaatha,na,-l-atɨ,-l-atɨ,-l-atɨ,e'u,e'u,e'u,papa,papa,papa,pipi,pipi,pipi
frankenlanguage453.csv_420,0.25,bratan,bratan,bratan,bratan,bratan,bratan,bratan,bratan,bratan,bratan,bratan,bratan,nindɨ šu,nindɨ šu,nindɨ šu,nindɨ riši,nindɨ riši,nindɨ riši,didtɨ šu,didtɨ šu,didtɨ šu,didtɨ riši,didtɨ riši,didtɨ riši
frankenlanguage455.csv_420,0.5,cacera (bhāi),cacera (bhāi),cacera (bhāi),cacera (bhāi),cacera (bhāi),cacera (bhāi),cacera (bhāi),cacera (bhāi),cacera (bhāi),cacera (bhāi),cacera (bhāi),cacera (bhāi),netsim,netsim,netsim,netul,netul,netul,netsim,netsim,netsim,netul,netul,netul
frankenlanguage456.csv_420,0.25,kuzen,kuzen,kuzen,kuzen,kuzen,kuzen,kuzen,kuzen,kuzen,kuzen,kuzen,kuzen,māmū,māmū,māmū,māsī,māsī,māsī,tāyā,tāyā,tāyā,bhūyā,bhūyā,bhūyā
frankenlanguage457.csv_420,0.42857142857142855,jóncho,jóncho,jóncho,cóco,cóco,cóco,jóncho,jóncho,jóncho,jóncho,jóncho,jóncho,na,"娘舅, 舅舅","娘舅, 舅舅",na,娘姨xx,na,na,"大伯, 伯伯",阿叔,na,"嬷嬷, 好伯",娘娘
frankenlanguage459.csv_420,0.5,waas,waas,waas,waas,waas,waas,waas,waas,waas,waas,waas,waas,na,na,na,na,na,na,na,na,beme ja'aka,na,jaka yo'owe,na
frankenlanguage46.csv_420,0.5,bratan,bratan,bratan,bratan,bratan,bratan,bratan,bratan,bratan,bratan,bratan,bratan,luŋ,luŋ,luŋ,pa:,pa:,pa:,luŋ,luŋ,luŋ,pa:,pa:,pa:
frankenlanguage460.csv_420,0.6,aai,aai,aai,na,na,na,na,na,na,aai,aai,na,luŋ,luŋ,luŋ,pa:,pa:,pa:,luŋ,luŋ,luŋ,pa:,pa:,pa:
frankenlanguage461.csv_420,0.5,oy-akno,oy-akno,oy-akno,oy-akno,oy-akno,oy-akno,oy-akno,oy-akno,oy-akno,oy-akno,oy-akno,oy-akno,netsim,netsim,netsim,netul,netul,netul,netsim,netsim,netsim,netul,netul,netul
frankenlanguage463.csv_420,0.6,thaatha,thaatha,thaatha,na,na,na,na,na,na,thaatha,thaatha,na,kawo,kawo,kawo,kawo,kawo,kawo,baaba,baaba,baaba,wobna,wobna,wobna
frankenlanguage466.csv_420,0.14285714285714285,primu],primu],primu],primu],primu],primu],primu],primu],primu],primu],primu],primu],na,menamama,na,na,beddamma,na,na,beddava,nanno,sowdamma,sowdamma,sowdamma
frankenlanguage467.csv_420,0.25,oy-akno,oy-akno,oy-akno,oy-akno,oy-akno,oy-akno,oy-akno,oy-akno,oy-akno,oy-akno,oy-akno,oy-akno,nindɨ šu,nindɨ šu,nindɨ šu,nindɨ riši,nindɨ riši,nindɨ riši,didtɨ šu,didtɨ šu,didtɨ šu,didtɨ riši,didtɨ riši,didtɨ riši
frankenlanguage47.csv_420,0.25,kuzen,kuzen,kuzen,kuzen,kuzen,kuzen,kuzen,kuzen,kuzen,kuzen,kuzen,kuzen,na,acha,acha,na,atung,achi,na,awa di,adai,na,apa,amoi
frankenlanguage470.csv_420,0.5,oy-akno,oy-akno,oy-akno,oy-akno,oy-akno,oy-akno,oy-akno,oy-akno,oy-akno,oy-akno,oy-akno,oy-akno,kawo,kawo,kawo,kawo,kawo,kawo,baaba,baaba,baaba,wobna,wobna,wobna
frankenlanguage471.csv_420,0.14285714285714285,khuan ńjai,khuan ńjai,khuan ńjai,khuan ńjai,khuan ńjai,khuan ńjai,khuan ńjai,khuan ńjai,khuan ńjai,khuan ńjai,khuan ńjai,khuan ńjai,na,menamama,na,na,beddamma,na,na,beddava,nanno,sowdamma,sowdamma,sowdamma
frankenlanguage472.csv_420,0.5,primu],primu],primu],primu],primu],primu],primu],primu],primu],primu],primu],primu],netsim,netsim,netsim,netul,netul,netul,netsim,netsim,netsim,netul,netul,netul
frankenlanguage474.csv_420,0.25,khuan ńjai,khuan ńjai,khuan ńjai,khuan ńjai,khuan ńjai,khuan ńjai,khuan ńjai,khuan ńjai,khuan ńjai,khuan ńjai,khuan ńjai,khuan ńjai,cóca,cóca,cóca,huáata,huáata,huáata,épa,épa,épa,náchi,náchi,náchi
frankenlanguage475.csv_420,0.5,nepa,nepa,nepa,nepa,nepa,nepa,nepa,nepa,nepa,nepa,nepa,nepa,luŋ,luŋ,luŋ,pa:,pa:,pa:,luŋ,luŋ,luŋ,pa:,pa:,pa:
frankenlanguage477.csv_420,0.25,nepa,nepa,nepa,nepa,nepa,nepa,nepa,nepa,nepa,nepa,nepa,nepa,na,"yaake, awa","yaake, awa",na,papa,papa,na,mae,mae,na,arombo,arombo
frankenlanguage479.csv_420,0.5,qʼuʕndɨ rišidbir,qʼuʕndɨ rišidbir,qʼuʕndɨ rišidbir,qʼuʕndɨ rišidbir,qʼuʕndɨ rišidbir,qʼuʕndɨ rišidbir,qʼuʕndɨ rišidbir,qʼuʕndɨ rišidbir,qʼuʕndɨ rišidbir,qʼuʕndɨ rišidbir,qʼuʕndɨ rišidbir,qʼuʕndɨ rišidbir,däd’,däd’,däd’,tädi,tädi,tädi,däd’,däd’,däd’,tädi,tädi,tädi
frankenlanguage480.csv_420,0.25,bratan,bratan,bratan,bratan,bratan,bratan,bratan,bratan,bratan,bratan,bratan,bratan,na,"yaake, awa","yaake, awa",na,papa,papa,na,mae,mae,na,arombo,arombo
frankenlanguage481.csv_420,0.5,bratan,bratan,bratan,bratan,bratan,bratan,bratan,bratan,bratan,bratan,bratan,bratan,luŋ,luŋ,luŋ,pa:,pa:,pa:,luŋ,luŋ,luŋ,pa:,pa:,pa:
frankenlanguage483.csv_420,0.2857142857142857,kuzen,kuzen,kuzen,kuzen,kuzen,kuzen,kuzen,kuzen,kuzen,kuzen,kuzen,kuzen,na,"娘舅, 舅舅","娘舅, 舅舅",na,娘姨xx,na,na,"大伯, 伯伯",阿叔,na,"嬷嬷, 好伯",娘娘
frankenlanguage485.csv_420,0.25,oy-akno,oy-akno,oy-akno,oy-akno,oy-akno,oy-akno,oy-akno,oy-akno,oy-akno,oy-akno,oy-akno,oy-akno,nindɨ šu,nindɨ šu,nindɨ šu,nindɨ riši,nindɨ riši,nindɨ riši,didtɨ šu,didtɨ šu,didtɨ šu,didtɨ riši,didtɨ riši,didtɨ riši
frankenlanguage486.csv_420,0.25,kuzen,kuzen,kuzen,kuzen,kuzen,kuzen,kuzen,kuzen,kuzen,kuzen,kuzen,kuzen,nindɨ šu,nindɨ šu,nindɨ šu,nindɨ riši,nindɨ riši,nindɨ riši,didtɨ šu,didtɨ šu,didtɨ šu,didtɨ riši,didtɨ riši,didtɨ riši
frankenlanguage487.csv_420,0.25,kuzen,kuzen,kuzen,kuzen,kuzen,kuzen,kuzen,kuzen,kuzen,kuzen,kuzen,kuzen,cóca,cóca,cóca,huáata,huáata,huáata,épa,épa,épa,náchi,náchi,náchi
frankenlanguage49.csv_420,0.25,nepa,nepa,nepa,nepa,nepa,nepa,nepa,nepa,nepa,nepa,nepa,nepa,-l-atɨ,-l-atɨ,-l-atɨ,e'u,e'u,e'u,papa,papa,papa,pipi,pipi,pipi
frankenlanguage490.csv_420,0.25,bratan,bratan,bratan,bratan,bratan,bratan,bratan,bratan,bratan,bratan,bratan,bratan,māmū,māmū,māmū,māsī,māsī,māsī,tāyā,tāyā,tāyā,bhūyā,bhūyā,bhūyā
frankenlanguage491.csv_420,0.25,waas,waas,waas,waas,waas,waas,waas,waas,waas,waas,waas,waas,na,dayı,dayı,na,teyze,teyze,na,amca,amca,na,hala,hala
frankenlanguage492.csv_420,0.25,bratan,bratan,bratan,bratan,bratan,bratan,bratan,bratan,bratan,bratan,bratan,bratan,malume,malume,malume,mame,mame,mame,baba,baba omukulu,baba omncane,babakazi,babakazi,babakazi
frankenlanguage493.csv_420,0.75,mzala,mzala,mzala,ukanina,ukanina,ukanina,mfo,mfo,mfo,mzala,mzala,mfo,na,dayı,dayı,na,teyze,teyze,na,amca,amca,na,hala,hala
frankenlanguage494.csv_420,0.25,cacera (bhāi),cacera (bhāi),cacera (bhāi),cacera (bhāi),cacera (bhāi),cacera (bhāi),cacera (bhāi),cacera (bhāi),cacera (bhāi),cacera (bhāi),cacera (bhāi),cacera (bhāi),kʸakʸa,kʸakʸa,kʸakʸa,-c̷itta ɬašši,-c̷itta ɬašši,-c̷itta ɬašši,-tačču ɬašši,-tačču ɬašši,-tačču ɬašši,kuku,kuku,kuku
frankenlanguage495.csv_420,0.25,oy-akno,oy-akno,oy-akno,oy-akno,oy-akno,oy-akno,oy-akno,oy-akno,oy-akno,oy-akno,oy-akno,oy-akno,malume,malume,malume,mame,mame,mame,baba,baba omukulu,baba omncane,babakazi,babakazi,babakazi
frankenlanguage50.csv_420,0.5,waas,waas,waas,waas,waas,waas,waas,waas,waas,waas,waas,waas,däd’,däd’,däd’,tädi,tädi,tädi,däd’,däd’,däd’,tädi,tädi,tädi
frankenlanguage500.csv_420,0.75,mzala,mzala,mzala,ukanina,ukanina,ukanina,mfo,mfo,mfo,mzala,mzala,mfo,nindɨ šu,nindɨ šu,nindɨ šu,nindɨ riši,nindɨ riši,nindɨ riši,didtɨ šu,didtɨ šu,didtɨ šu,didtɨ riši,didtɨ riši,didtɨ riši
frankenlanguage502.csv_420,0.5,bratan,bratan,bratan,bratan,bratan,bratan,bratan,bratan,bratan,bratan,bratan,bratan,kawo,kawo,kawo,kawo,kawo,kawo,baaba,baaba,baaba,wobna,wobna,wobna
frankenlanguage503.csv_420,0.5,oy-akno,oy-akno,oy-akno,oy-akno,oy-akno,oy-akno,oy-akno,oy-akno,oy-akno,oy-akno,oy-akno,oy-akno,kawo,kawo,kawo,kawo,kawo,kawo,baaba,baaba,baaba,wobna,wobna,wobna
frankenlanguage504.csv_420,0.5,waas,waas,waas,waas,waas,waas,waas,waas,waas,waas,waas,waas,luŋ,luŋ,luŋ,pa:,pa:,pa:,luŋ,luŋ,luŋ,pa:,pa:,pa:
frankenlanguage505.csv_420,1.0,bratan,bratan,bratan,bratan,bratan,bratan,bratan,bratan,bratan,bratan,bratan,bratan,na,maghiha,maghiha,na,na,na,na,maghiha,maghiha,na,na,na
frankenlanguage508.csv_420,0.25,primu],primu],primu],primu],primu],primu],primu],primu],primu],primu],primu],primu],malume,malume,malume,mame,mame,mame,baba,baba omukulu,baba omncane,babakazi,babakazi,babakazi
frankenlanguage51.csv_420,0.25,nepa,nepa,nepa,nepa,nepa,nepa,nepa,nepa,nepa,nepa,nepa,nepa,māmū,māmū,māmū,māsī,māsī,māsī,tāyā,tāyā,tāyā,bhūyā,bhūyā,bhūyā
frankenlanguage510.csv_420,0.25,qʼuʕndɨ rišidbir,qʼuʕndɨ rišidbir,qʼuʕndɨ rišidbir,qʼuʕndɨ rišidbir,qʼuʕndɨ rišidbir,qʼuʕndɨ rišidbir,qʼuʕndɨ rišidbir,qʼuʕndɨ rišidbir,qʼuʕndɨ rišidbir,qʼuʕndɨ rišidbir,qʼuʕndɨ rišidbir,qʼuʕndɨ rišidbir,na,"yaake, awa","yaake, awa",na,papa,papa,na,mae,mae,na,arombo,arombo
frankenlanguage511.csv_420,1.0,cacera (bhāi),cacera (bhāi),cacera (bhāi),cacera (bhāi),cacera (bhāi),cacera (bhāi),cacera (bhāi),cacera (bhāi),cacera (bhāi),cacera (bhāi),cacera (bhāi),cacera (bhāi),na,maghiha,maghiha,na,na,na,na,maghiha,maghiha,na,na,na
frankenlanguage512.csv_420,0.6,thaatha,thaatha,thaatha,na,na,na,na,na,na,thaatha,thaatha,na,netsim,netsim,netsim,netul,netul,netul,netsim,netsim,netsim,netul,netul,netul
frankenlanguage514.csv_420,0.25,waas,waas,waas,waas,waas,waas,waas,waas,waas,waas,waas,waas,na,dayı,dayı,na,teyze,teyze,na,amca,amca,na,hala,hala
frankenlanguage515.csv_420,0.25,nepa,nepa,nepa,nepa,nepa,nepa,nepa,nepa,nepa,nepa,nepa,nepa,malume,malume,malume,mame,mame,mame,baba,baba omukulu,baba omncane,babakazi,babakazi,babakazi
frankenlanguage517.csv_420,0.25,nepa,nepa,nepa,nepa,nepa,nepa,nepa,nepa,nepa,nepa,nepa,nepa,cóca,cóca,cóca,huáata,huáata,huáata,épa,épa,épa,náchi,náchi,náchi
frankenlanguage518.csv_420,0.5,mzala,mzala,mzala,ukanina,ukanina,ukanina,mfo,mfo,mfo,mzala,mzala,mfo,netsim,netsim,netsim,netul,netul,netul,netsim,netsim,netsim,netul,netul,netul
frankenlanguage519.csv_420,0.25,bratan,bratan,bratan,bratan,bratan,bratan,bratan,bratan,bratan,bratan,bratan,bratan,kʸakʸa,kʸakʸa,kʸakʸa,-c̷itta ɬašši,-c̷itta ɬašši,-c̷itta ɬašši,-tačču ɬašši,-tačču ɬašši,-tačču ɬašši,kuku,kuku,kuku
frankenlanguage52.csv_420,0.6,aai,aai,aai,na,na,na,na,na,na,aai,aai,na,däd’,däd’,däd’,tädi,tädi,tädi,däd’,däd’,däd’,tädi,tädi,tädi
frankenlanguage520.csv_420,0.5,jóncho,jóncho,jóncho,cóco,cóco,cóco,jóncho,jóncho,jóncho,jóncho,jóncho,jóncho,-l-atɨ,-l-atɨ,-l-atɨ,e'u,e'u,e'u,papa,papa,papa,pipi,pipi,pipi
frankenlanguage521.csv_420,0.2857142857142857,waas,waas,waas,waas,waas,waas,waas,waas,waas,waas,waas,waas,na,"娘舅, 舅舅","娘舅, 舅舅",na,娘姨xx,na,na,"大伯, 伯伯",阿叔,na,"嬷嬷, 好伯",娘娘
frankenlanguage522.csv_420,0.6666666666666666,aai,aai,aai,na,na,na,na,na,na,aai,aai,na,na,acha,acha,na,atung,achi,na,awa di,adai,na,apa,amoi
frankenlanguage523.csv_420,0.25,nepa,nepa,nepa,nepa,nepa,nepa,nepa,nepa,nepa,nepa,nepa,nepa,na,dayı,dayı,na,teyze,teyze,na,amca,amca,na,hala,hala
frankenlanguage524.csv_420,0.25,primu],primu],primu],primu],primu],primu],primu],primu],primu],primu],primu],primu],cóca,cóca,cóca,huáata,huáata,huáata,épa,épa,épa,náchi,náchi,náchi
frankenlanguage525.csv_420,0.5,bratan,bratan,bratan,bratan,bratan,bratan,bratan,bratan,bratan,bratan,bratan,bratan,o-tam-ru,o-tam-ru,o-tam-ru,yɨ-son,yɨ-son,yɨ-son,yɨɨm,yɨɨm,yɨɨm,o-tam-ru,o-tam-ru,o-tam-ru
frankenlanguage527.csv_420,0.5,waas,waas,waas,waas,waas,waas,waas,waas,waas,waas,waas,waas,o-tam-ru,o-tam-ru,o-tam-ru,yɨ-son,yɨ-son,yɨ-son,yɨɨm,yɨɨm,yɨɨm,o-tam-ru,o-tam-ru,o-tam-ru
frankenlanguage528.csv_420,0.5,qʼuʕndɨ rišidbir,qʼuʕndɨ rišidbir,qʼuʕndɨ rišidbir,qʼuʕndɨ rišidbir,qʼuʕndɨ rišidbir,qʼuʕndɨ rišidbir,qʼuʕndɨ rišidbir,qʼuʕndɨ rišidbir,qʼuʕndɨ rišidbir,qʼuʕndɨ rišidbir,qʼuʕndɨ rišidbir,qʼuʕndɨ rišidbir,netsim,netsim,netsim,netul,netul,netul,netsim,netsim,netsim,netul,netul,netul
frankenlanguage529.csv_420,0.5,khuan ńjai,khuan ńjai,khuan ńjai,khuan ńjai,khuan ńjai,khuan ńjai,khuan ńjai,khuan ńjai,khuan ńjai,khuan ńjai,khuan ńjai,khuan ńjai,garugi:,garugi:,garugi:,walgan,walgan,walgan,garugi:,garugi:,garugi:,gamiyan,gamiyan,gamiyan
frankenlanguage53.csv_420,0.25,cacera (bhāi),cacera (bhāi),cacera (bhāi),cacera (bhāi),cacera (bhāi),cacera (bhāi),cacera (bhāi),cacera (bhāi),cacera (bhāi),cacera (bhāi),cacera (bhāi),cacera (bhāi),nindɨ šu,nindɨ šu,nindɨ šu,nindɨ riši,nindɨ riši,nindɨ riši,didtɨ šu,didtɨ šu,didtɨ šu,didtɨ riši,didtɨ riši,didtɨ riši
frankenlanguage531.csv_420,0.14285714285714285,khuan ńjai,khuan ńjai,khuan ńjai,khuan ńjai,khuan ńjai,khuan ńjai,khuan ńjai,khuan ńjai,khuan ńjai,khuan ńjai,khuan ńjai,khuan ńjai,na,menamama,na,na,beddamma,na,na,beddava,nanno,sowdamma,sowdamma,sowdamma
frankenlanguage532.csv_420,0.5,cacera (bhāi),cacera (bhāi),cacera (bhāi),cacera (bhāi),cacera (bhāi),cacera (bhāi),cacera (bhāi),cacera (bhāi),cacera (bhāi),cacera (bhāi),cacera (bhāi),cacera (bhāi),o-tam-ru,o-tam-ru,o-tam-ru,yɨ-son,yɨ-son,yɨ-son,yɨɨm,yɨɨm,yɨɨm,o-tam-ru,o-tam-ru,o-tam-ru
frankenlanguage533.csv_420,0.5,oy-akno,oy-akno,oy-akno,oy-akno,oy-akno,oy-akno,oy-akno,oy-akno,oy-akno,oy-akno,oy-akno,oy-akno,na,na,na,na,na,na,na,na,beme ja'aka,na,jaka yo'owe,na
frankenlanguage534.csv_420,0.3333333333333333,mzala,mzala,mzala,ukanina,ukanina,ukanina,mfo,mfo,mfo,mzala,mzala,mfo,kawo,kawo,kawo,kawo,kawo,kawo,baaba,baaba,baaba,wobna,wobna,wobna
frankenlanguage536.csv_420,0.25,oy-akno,oy-akno,oy-akno,oy-akno,oy-akno,oy-akno,oy-akno,oy-akno,oy-akno,oy-akno,oy-akno,oy-akno,malume,malume,malume,mame,mame,mame,baba,baba omukulu,baba omncane,babakazi,babakazi,babakazi
frankenlanguage540.csv_420,0.5,cacera (bhāi),cacera (bhāi),cacera (bhāi),cacera (bhāi),cacera (bhāi),cacera (bhāi),cacera (bhāi),cacera (bhāi),cacera (bhāi),cacera (bhāi),cacera (bhāi),cacera (bhāi),luŋ,luŋ,luŋ,pa:,pa:,pa:,luŋ,luŋ,luŋ,pa:,pa:,pa:
frankenlanguage541.csv_420,0.25,qʼuʕndɨ rišidbir,qʼuʕndɨ rišidbir,qʼuʕndɨ rišidbir,qʼuʕndɨ rišidbir,qʼuʕndɨ rišidbir,qʼuʕndɨ rišidbir,qʼuʕndɨ rišidbir,qʼuʕndɨ rišidbir,qʼuʕndɨ rišidbir,qʼuʕndɨ rišidbir,qʼuʕndɨ rišidbir,qʼuʕndɨ rišidbir,kʸakʸa,kʸakʸa,kʸakʸa,-c̷itta ɬašši,-c̷itta ɬašši,-c̷itta ɬašši,-tačču ɬašši,-tačču ɬašši,-tačču ɬašši,kuku,kuku,kuku
frankenlanguage542.csv_420,0.5,bratan,bratan,bratan,bratan,bratan,bratan,bratan,bratan,bratan,bratan,bratan,bratan,luŋ,luŋ,luŋ,pa:,pa:,pa:,luŋ,luŋ,luŋ,pa:,pa:,pa:
frankenlanguage543.csv_420,0.25,bratan,bratan,bratan,bratan,bratan,bratan,bratan,bratan,bratan,bratan,bratan,bratan,nindɨ šu,nindɨ šu,nindɨ šu,nindɨ riši,nindɨ riši,nindɨ riši,didtɨ šu,didtɨ šu,didtɨ šu,didtɨ riši,didtɨ riši,didtɨ riši
frankenlanguage544.csv_420,0.5,oy-akno,oy-akno,oy-akno,oy-akno,oy-akno,oy-akno,oy-akno,oy-akno,oy-akno,oy-akno,oy-akno,oy-akno,kawo,kawo,kawo,kawo,kawo,kawo,baaba,baaba,baaba,wobna,wobna,wobna
frankenlanguage545.csv_420,0.5,oy-akno,oy-akno,oy-akno,oy-akno,oy-akno,oy-akno,oy-akno,oy-akno,oy-akno,oy-akno,oy-akno,oy-akno,garugi:,garugi:,garugi:,walgan,walgan,walgan,garugi:,garugi:,garugi:,gamiyan,gamiyan,gamiyan
frankenlanguage546.csv_420,0.75,jóncho,jóncho,jóncho,cóco,cóco,cóco,jóncho,jóncho,jóncho,jóncho,jóncho,jóncho,o-tam-ru,o-tam-ru,o-tam-ru,yɨ-son,yɨ-son,yɨ-son,yɨɨm,yɨɨm,yɨɨm,o-tam-ru,o-tam-ru,o-tam-ru
frankenlanguage547.csv_420,0.5,cacera (bhāi),cacera (bhāi),cacera (bhāi),cacera (bhāi),cacera (bhāi),cacera (bhāi),cacera (bhāi),cacera (bhāi),cacera (bhāi),cacera (bhāi),cacera (bhāi),cacera (bhāi),luŋ,luŋ,luŋ,pa:,pa:,pa:,luŋ,luŋ,luŋ,pa:,pa:,pa:
frankenlanguage548.csv_420,0.25,waas,waas,waas,waas,waas,waas,waas,waas,waas,waas,waas,waas,cóca,cóca,cóca,huáata,huáata,huáata,épa,épa,épa,náchi,náchi,náchi
frankenlanguage549.csv_420,0.6666666666666666,aai,aai,aai,na,na,na,na,na,na,aai,aai,na,na,dayı,dayı,na,teyze,teyze,na,amca,amca,na,hala,hala
frankenlanguage55.csv_420,0.25,nepa,nepa,nepa,nepa,nepa,nepa,nepa,nepa,nepa,nepa,nepa,nepa,cóca,cóca,cóca,huáata,huáata,huáata,épa,épa,épa,náchi,náchi,náchi
frankenlanguage550.csv_420,0.25,kuzen,kuzen,kuzen,kuzen,kuzen,kuzen,kuzen,kuzen,kuzen,kuzen,kuzen,kuzen,māmū,māmū,māmū,māsī,māsī,māsī,tāyā,tāyā,tāyā,bhūyā,bhūyā,bhūyā
frankenlanguage552.csv_420,0.25,bratan,bratan,bratan,bratan,bratan,bratan,bratan,bratan,bratan,bratan,bratan,bratan,-l-atɨ,-l-atɨ,-l-atɨ,e'u,e'u,e'u,papa,papa,papa,pipi,pipi,pipi
frankenlanguage557.csv_420,0.5,khuan ńjai,khuan ńjai,khuan ńjai,khuan ńjai,khuan ńjai,khuan ńjai,khuan ńjai,khuan ńjai,khuan ńjai,khuan ńjai,khuan ńjai,khuan ńjai,garugi:,garugi:,garugi:,walgan,walgan,walgan,garugi:,garugi:,garugi:,gamiyan,gamiyan,gamiyan
frankenlanguage558.csv_420,0.3333333333333333,mzala,mzala,mzala,ukanina,ukanina,ukanina,mfo,mfo,mfo,mzala,mzala,mfo,kawo,kawo,kawo,kawo,kawo,kawo,baaba,baaba,baaba,wobna,wobna,wobna
frankenlanguage559.csv_420,0.5,jóncho,jóncho,jóncho,cóco,cóco,cóco,jóncho,jóncho,jóncho,jóncho,jóncho,jóncho,malume,malume,malume,mame,mame,mame,baba,baba omukulu,baba omncane,babakazi,babakazi,babakazi
frankenlanguage56.csv_420,0.9166666666666666,mzala,mzala,mzala,ukanina,ukanina,ukanina,mfo,mfo,mfo,mzala,mzala,mfo,o-tam-ru,o-tam-ru,o-tam-ru,yɨ-son,yɨ-son,yɨ-son,yɨɨm,yɨɨm,yɨɨm,o-tam-ru,o-tam-ru,o-tam-ru
frankenlanguage560.csv_420,0.75,mzala,mzala,mzala,ukanina,ukanina,ukanina,mfo,mfo,mfo,mzala,mzala,mfo,na,"yaake, awa","yaake, awa",na,papa,papa,na,mae,mae,na,arombo,arombo
frankenlanguage561.csv_420,0.25,khuan ńjai,khuan ńjai,khuan ńjai,khuan ńjai,khuan ńjai,khuan ńjai,khuan ńjai,khuan ńjai,khuan ńjai,khuan ńjai,khuan ńjai,khuan ńjai,kʸakʸa,kʸakʸa,kʸakʸa,-c̷itta ɬašši,-c̷itta ɬašši,-c̷itta ɬašši,-tačču ɬašši,-tačču ɬašši,-tačču ɬašši,kuku,kuku,kuku
frankenlanguage562.csv_420,0.25,bratan,bratan,bratan,bratan,bratan,bratan,bratan,bratan,bratan,bratan,bratan,bratan,kʸakʸa,kʸakʸa,kʸakʸa,-c̷itta ɬašši,-c̷itta ɬašši,-c̷itta ɬašši,-tačču ɬašši,-tačču ɬašši,-tačču ɬašši,kuku,kuku,kuku
frankenlanguage563.csv_420,0.75,jóncho,jóncho,jóncho,cóco,cóco,cóco,jóncho,jóncho,jóncho,jóncho,jóncho,jóncho,garugi:,garugi:,garugi:,walgan,walgan,walgan,garugi:,garugi:,garugi:,gamiyan,gamiyan,gamiyan
frankenlanguage564.csv_420,0.25,kuzen,kuzen,kuzen,kuzen,kuzen,kuzen,kuzen,kuzen,kuzen,kuzen,kuzen,kuzen,malume,malume,malume,mame,mame,mame,baba,baba omukulu,baba omncane,babakazi,babakazi,babakazi
frankenlanguage565.csv_420,0.5,waas,waas,waas,waas,waas,waas,waas,waas,waas,waas,waas,waas,garugi:,garugi:,garugi:,walgan,walgan,walgan,garugi:,garugi:,garugi:,gamiyan,gamiyan,gamiyan
frankenlanguage566.csv_420,0.25,nepa,nepa,nepa,nepa,nepa,nepa,nepa,nepa,nepa,nepa,nepa,nepa,nindɨ šu,nindɨ šu,nindɨ šu,nindɨ riši,nindɨ riši,nindɨ riši,didtɨ šu,didtɨ šu,didtɨ šu,didtɨ riši,didtɨ riši,didtɨ riši
frankenlanguage57.csv_420,0.6,aai,aai,aai,na,na,na,na,na,na,aai,aai,na,kʸakʸa,kʸakʸa,kʸakʸa,-c̷itta ɬašši,-c̷itta ɬašši,-c̷itta ɬašši,-tačču ɬašši,-tačču ɬašši,-tačču ɬašši,kuku,kuku,kuku
frankenlanguage570.csv_420,0.6666666666666666,thaatha,thaatha,thaatha,na,na,na,na,na,na,thaatha,thaatha,na,na,acha,acha,na,atung,achi,na,awa di,adai,na,apa,amoi
frankenlanguage571.csv_420,0.25,oy-akno,oy-akno,oy-akno,oy-akno,oy-akno,oy-akno,oy-akno,oy-akno,oy-akno,oy-akno,oy-akno,oy-akno,na,acha,acha,na,atung,achi,na,awa di,adai,na,apa,amoi
frankenlanguage572.csv_420,0.6,thaatha,thaatha,thaatha,na,na,na,na,na,na,thaatha,thaatha,na,nindɨ šu,nindɨ šu,nindɨ šu,nindɨ riši,nindɨ riši,nindɨ riši,didtɨ šu,didtɨ šu,didtɨ šu,didtɨ riši,didtɨ riši,didtɨ riši
frankenlanguage575.csv_420,0.42857142857142855,mzala,mzala,mzala,ukanina,ukanina,ukanina,mfo,mfo,mfo,mzala,mzala,mfo,na,menamama,na,na,beddamma,na,na,beddava,nanno,sowdamma,sowdamma,sowdamma
frankenlanguage576.csv_420,0.6,aai,aai,aai,na,na,na,na,na,na,aai,aai,na,cóca,cóca,cóca,huáata,huáata,huáata,épa,épa,épa,náchi,náchi,náchi
frankenlanguage577.csv_420,0.14285714285714285,nepa,nepa,nepa,nepa,nepa,nepa,nepa,nepa,nepa,nepa,nepa,nepa,na,menamama,na,na,beddamma,na,na,beddava,nanno,sowdamma,sowdamma,sowdamma
frankenlanguage579.csv_420,0.25,qʼuʕndɨ rišidbir,qʼuʕndɨ rišidbir,qʼuʕndɨ rišidbir,qʼuʕndɨ rišidbir,qʼuʕndɨ rišidbir,qʼuʕndɨ rišidbir,qʼuʕndɨ rišidbir,qʼuʕndɨ rišidbir,qʼuʕndɨ rišidbir,qʼuʕndɨ rišidbir,qʼuʕndɨ rišidbir,qʼuʕndɨ rišidbir,na,"yaake, awa","yaake, awa",na,papa,papa,na,mae,mae,na,arombo,arombo
frankenlanguage58.csv_420,0.25,kuzen,kuzen,kuzen,kuzen,kuzen,kuzen,kuzen,kuzen,kuzen,kuzen,kuzen,kuzen,na,acha,acha,na,atung,achi,na,awa di,adai,na,apa,amoi
frankenlanguage581.csv_420,1.0,khuan ńjai,khuan ńjai,khuan ńjai,khuan ńjai,khuan ńjai,khuan ńjai,khuan ńjai,khuan ńjai,khuan ńjai,khuan ńjai,khuan ńjai,khuan ńjai,na,maghiha,maghiha,na,na,na,na,maghiha,maghiha,na,na,na
frankenlanguage582.csv_420,0.25,cacera (bhāi),cacera (bhāi),cacera (bhāi),cacera (bhāi),cacera (bhāi),cacera (bhāi),cacera (bhāi),cacera (bhāi),cacera (bhāi),cacera (bhāi),cacera (bhāi),cacera (bhāi),nindɨ šu,nindɨ šu,nindɨ šu,nindɨ riši,nindɨ riši,nindɨ riši,didtɨ šu,didtɨ šu,didtɨ šu,didtɨ riši,didtɨ riši,didtɨ riši
frankenlanguage583.csv_420,0.42857142857142855,jóncho,jóncho,jóncho,cóco,cóco,cóco,jóncho,jóncho,jóncho,jóncho,jóncho,jóncho,na,"娘舅, 舅舅","娘舅, 舅舅",na,娘姨xx,na,na,"大伯, 伯伯",阿叔,na,"嬷嬷, 好伯",娘娘
frankenlanguage585.csv_420,0.25,nepa,nepa,nepa,nepa,nepa,nepa,nepa,nepa,nepa,nepa,nepa,nepa,cóca,cóca,cóca,huáata,huáata,huáata,épa,épa,épa,náchi,náchi,náchi
frankenlanguage586.csv_420,0.2857142857142857,cacera (bhāi),cacera (bhāi),cacera (bhāi),cacera (bhāi),cacera (bhāi),cacera (bhāi),cacera (bhāi),cacera (bhāi),cacera (bhāi),cacera (bhāi),cacera (bhāi),cacera (bhāi),na,"娘舅, 舅舅","娘舅, 舅舅",na,娘姨xx,na,na,"大伯, 伯伯",阿叔,na,"嬷嬷, 好伯",娘娘
frankenlanguage592.csv_420,0.25,cacera (bhāi),cacera (bhāi),cacera (bhāi),cacera (bhāi),cacera (bhāi),cacera (bhāi),cacera (bhāi),cacera (bhāi),cacera (bhāi),cacera (bhāi),cacera (bhāi),cacera (bhāi),cóca,cóca,cóca,huáata,huáata,huáata,épa,épa,épa,náchi,náchi,náchi
frankenlanguage593.csv_420,0.75,mzala,mzala,mzala,ukanina,ukanina,ukanina,mfo,mfo,mfo,mzala,mzala,mfo,kʸakʸa,kʸakʸa,kʸakʸa,-c̷itta ɬašši,-c̷itta ɬašši,-c̷itta ɬašši,-tačču ɬašši,-tačču ɬašši,-tačču ɬašši,kuku,kuku,kuku
frankenlanguage594.csv_420,0.25,waas,waas,waas,waas,waas,waas,waas,waas,waas,waas,waas,waas,nindɨ šu,nindɨ šu,nindɨ šu,nindɨ riši,nindɨ riši,nindɨ riši,didtɨ šu,didtɨ šu,didtɨ šu,didtɨ riši,didtɨ riši,didtɨ riši
frankenlanguage595.csv_420,0.6,aai,aai,aai,na,na,na,na,na,na,aai,aai,na,nindɨ šu,nindɨ šu,nindɨ šu,nindɨ riši,nindɨ riši,nindɨ riši,didtɨ šu,didtɨ šu,didtɨ šu,didtɨ riši,didtɨ riši,didtɨ riši
frankenlanguage596.csv_420,0.5,nepa,nepa,nepa,nepa,nepa,nepa,nepa,nepa,nepa,nepa,nepa,nepa,däd’,däd’,däd’,tädi,tädi,tädi,däd’,däd’,däd’,tädi,tädi,tädi
frankenlanguage597.csv_420,0.5,waas,waas,waas,waas,waas,waas,waas,waas,waas,waas,waas,waas,garugi:,garugi:,garugi:,walgan,walgan,walgan,garugi:,garugi:,garugi:,gamiyan,gamiyan,gamiyan
frankenlanguage598.csv_420,1.0,bratan,bratan,bratan,bratan,bratan,bratan,bratan,bratan,bratan,bratan,bratan,bratan,na,maghiha,maghiha,na,na,na,na,maghiha,maghiha,na,na,na
frankenlanguage599.csv_420,1.0,qʼuʕndɨ rišidbir,qʼuʕndɨ rišidbir,qʼuʕndɨ rišidbir,qʼuʕndɨ rišidbir,qʼuʕndɨ rišidbir,qʼuʕndɨ rišidbir,qʼuʕndɨ rišidbir,qʼuʕndɨ rišidbir,qʼuʕndɨ rišidbir,qʼuʕndɨ rišidbir,qʼuʕndɨ rišidbir,qʼuʕndɨ rišidbir,na,maghiha,maghiha,na,na,na,na,maghiha,maghiha,na,na,na
frankenlanguage60.csv_420,0.6,aai,aai,aai,na,na,na,na,na,na,aai,aai,na,māmū,māmū,māmū,māsī,māsī,māsī,tāyā,tāyā,tāyā,bhūyā,bhūyā,bhūyā
frankenlanguage600.csv_420,0.25,cacera (bhāi),cacera (bhāi),cacera (bhāi),cacera (bhāi),cacera (bhāi),cacera (bhāi),cacera (bhāi),cacera (bhāi),cacera (bhāi),cacera (bhāi),cacera (bhāi),cacera (bhāi),na,acha,acha,na,atung,achi,na,awa di,adai,na,apa,amoi
frankenlanguage601.csv_420,1.0,na,na,na,na,na,na,na,na,na,taïlo,taïlo,na,o-tam-ru,o-tam-ru,o-tam-ru,yɨ-son,yɨ-son,yɨ-son,yɨɨm,yɨɨm,yɨɨm,o-tam-ru,o-tam-ru,o-tam-ru
frankenlanguage602.csv_420,0.5,waas,waas,waas,waas,waas,waas,waas,waas,waas,waas,waas,waas,däd’,däd’,däd’,tädi,tädi,tädi,däd’,däd’,däd’,tädi,tädi,tädi
frankenlanguage603.csv_420,0.25,oy-akno,oy-akno,oy-akno,oy-akno,oy-akno,oy-akno,oy-akno,oy-akno,oy-akno,oy-akno,oy-akno,oy-akno,nindɨ šu,nindɨ šu,nindɨ šu,nindɨ riši,nindɨ riši,nindɨ riši,didtɨ šu,didtɨ šu,didtɨ šu,didtɨ riši,didtɨ riši,didtɨ riši
frankenlanguage605.csv_420,0.25,oy-akno,oy-akno,oy-akno,oy-akno,oy-akno,oy-akno,oy-akno,oy-akno,oy-akno,oy-akno,oy-akno,oy-akno,māmū,māmū,māmū,māsī,māsī,māsī,tāyā,tāyā,tāyā,bhūyā,bhūyā,bhūyā
frankenlanguage606.csv_420,0.5,mzala,mzala,mzala,ukanina,ukanina,ukanina,mfo,mfo,mfo,mzala,mzala,mfo,netsim,netsim,netsim,netul,netul,netul,netsim,netsim,netsim,netul,netul,netul
frankenlanguage607.csv_420,0.5,waas,waas,waas,waas,waas,waas,waas,waas,waas,waas,waas,waas,däd’,däd’,däd’,tädi,tädi,tädi,däd’,däd’,däd’,tädi,tädi,tädi
frankenlanguage61.csv_420,0.25,nepa,nepa,nepa,nepa,nepa,nepa,nepa,nepa,nepa,nepa,nepa,nepa,malume,malume,malume,mame,mame,mame,baba,baba omukulu,baba omncane,babakazi,babakazi,babakazi
frankenlanguage612.csv_420,0.5,primu],primu],primu],primu],primu],primu],primu],primu],primu],primu],primu],primu],luŋ,luŋ,luŋ,pa:,pa:,pa:,luŋ,luŋ,luŋ,pa:,pa:,pa:
frankenlanguage615.csv_420,0.5,nepa,nepa,nepa,nepa,nepa,nepa,nepa,nepa,nepa,nepa,nepa,nepa,garugi:,garugi:,garugi:,walgan,walgan,walgan,garugi:,garugi:,garugi:,gamiyan,gamiyan,gamiyan
frankenlanguage616.csv_420,0.5,nepa,nepa,nepa,nepa,nepa,nepa,nepa,nepa,nepa,nepa,nepa,nepa,na,na,na,na,na,na,na,na,beme ja'aka,na,jaka yo'owe,na
frankenlanguage618.csv_420,0.5,cacera (bhāi),cacera (bhāi),cacera (bhāi),cacera (bhāi),cacera (bhāi),cacera (bhāi),cacera (bhāi),cacera (bhāi),cacera (bhāi),cacera (bhāi),cacera (bhāi),cacera (bhāi),luŋ,luŋ,luŋ,pa:,pa:,pa:,luŋ,luŋ,luŋ,pa:,pa:,pa:
frankenlanguage619.csv_420,0.25,qʼuʕndɨ rišidbir,qʼuʕndɨ rišidbir,qʼuʕndɨ rišidbir,qʼuʕndɨ rišidbir,qʼuʕndɨ rišidbir,qʼuʕndɨ rišidbir,qʼuʕndɨ rišidbir,qʼuʕndɨ rišidbir,qʼuʕndɨ rišidbir,qʼuʕndɨ rišidbir,qʼuʕndɨ rišidbir,qʼuʕndɨ rišidbir,māmū,māmū,māmū,māsī,māsī,māsī,tāyā,tāyā,tāyā,bhūyā,bhūyā,bhūyā
frankenlanguage620.csv_420,0.25,bratan,bratan,bratan,bratan,bratan,bratan,bratan,bratan,bratan,bratan,bratan,bratan,kʸakʸa,kʸakʸa,kʸakʸa,-c̷itta ɬašši,-c̷itta ɬašši,-c̷itta ɬašši,-tačču ɬašši,-tačču ɬašši,-tačču ɬašši,kuku,kuku,kuku
frankenlanguage621.csv_420,0.25,oy-akno,oy-akno,oy-akno,oy-akno,oy-akno,oy-akno,oy-akno,oy-akno,oy-akno,oy-akno,oy-akno,oy-akno,kʸakʸa,kʸakʸa,kʸakʸa,-c̷itta ɬašši,-c̷itta ɬašši,-c̷itta ɬašši,-tačču ɬašši,-tačču ɬašši,-tačču ɬašši,kuku,kuku,kuku
frankenlanguage623.csv_420,0.25,oy-akno,oy-akno,oy-akno,oy-akno,oy-akno,oy-akno,oy-akno,oy-akno,oy-akno,oy-akno,oy-akno,oy-akno,cóca,cóca,cóca,huáata,huáata,huáata,épa,épa,épa,náchi,náchi,náchi
frankenlanguage624.csv_420,0.25,nepa,nepa,nepa,nepa,nepa,nepa,nepa,nepa,nepa,nepa,nepa,nepa,na,acha,acha,na,atung,achi,na,awa di,adai,na,apa,amoi
frankenlanguage625.csv_420,0.5,mzala,mzala,mzala,ukanina,ukanina,ukanina,mfo,mfo,mfo,mzala,mzala,mfo,däd’,däd’,däd’,tädi,tädi,tädi,däd’,däd’,däd’,tädi,tädi,tädi
frankenlanguage628.csv_420,0.5,primu],primu],primu],primu],primu],primu],primu],primu],primu],primu],primu],primu],garugi:,garugi:,garugi:,walgan,walgan,walgan,garugi:,garugi:,garugi:,gamiyan,gamiyan,gamiyan
frankenlanguage629.csv_420,0.5,qʼuʕndɨ rišidbir,qʼuʕndɨ rišidbir,qʼuʕndɨ rišidbir,qʼuʕndɨ rišidbir,qʼuʕndɨ rišidbir,qʼuʕndɨ rišidbir,qʼuʕndɨ rišidbir,qʼuʕndɨ rišidbir,qʼuʕndɨ rišidbir,qʼuʕndɨ rišidbir,qʼuʕndɨ rišidbir,qʼuʕndɨ rišidbir,däd’,däd’,däd’,tädi,tädi,tädi,däd’,däd’,däd’,tädi,tädi,tädi
frankenlanguage63.csv_420,1.0,waas,waas,waas,waas,waas,waas,waas,waas,waas,waas,waas,waas,na,maghiha,maghiha,na,na,na,na,maghiha,maghiha,na,na,na
frankenlanguage632.csv_420,0.25,kuzen,kuzen,kuzen,kuzen,kuzen,kuzen,kuzen,kuzen,kuzen,kuzen,kuzen,kuzen,kʸakʸa,kʸakʸa,kʸakʸa,-c̷itta ɬašši,-c̷itta ɬašši,-c̷itta ɬašši,-tačču ɬašši,-tačču ɬašši,-tačču ɬašši,kuku,kuku,kuku
frankenlanguage634.csv_420,0.75,jóncho,jóncho,jóncho,cóco,cóco,cóco,jóncho,jóncho,jóncho,jóncho,jóncho,jóncho,netsim,netsim,netsim,netul,netul,netul,netsim,netsim,netsim,netul,netul,netul
frankenlanguage636.csv_420,0.25,oy-akno,oy-akno,oy-akno,oy-akno,oy-akno,oy-akno,oy-akno,oy-akno,oy-akno,oy-akno,oy-akno,oy-akno,-l-atɨ,-l-atɨ,-l-atɨ,e'u,e'u,e'u,papa,papa,papa,pipi,pipi,pipi
frankenlanguage638.csv_420,0.25,waas,waas,waas,waas,waas,waas,waas,waas,waas,waas,waas,waas,kʸakʸa,kʸakʸa,kʸakʸa,-c̷itta ɬašši,-c̷itta ɬašši,-c̷itta ɬašši,-tačču ɬašši,-tačču ɬašši,-tačču ɬašši,kuku,kuku,kuku
frankenlanguage64.csv_420,0.25,kuzen,kuzen,kuzen,kuzen,kuzen,kuzen,kuzen,kuzen,kuzen,kuzen,kuzen,kuzen,kʸakʸa,kʸakʸa,kʸakʸa,-c̷itta ɬašši,-c̷itta ɬašši,-c̷itta ɬašši,-tačču ɬašši,-tačču ɬašši,-tačču ɬašši,kuku,kuku,kuku
frankenlanguage641.csv_420,0.25,bratan,bratan,bratan,bratan,bratan,bratan,bratan,bratan,bratan,bratan,bratan,bratan,kʸakʸa,kʸakʸa,kʸakʸa,-c̷itta ɬašši,-c̷itta ɬašši,-c̷itta ɬašši,-tačču ɬašši,-tačču ɬašši,-tačču ɬašši,kuku,kuku,kuku
frankenlanguage642.csv_420,0.5,oy-akno,oy-akno,oy-akno,oy-akno,oy-akno,oy-akno,oy-akno,oy-akno,oy-akno,oy-akno,oy-akno,oy-akno,na,na,na,na,na,na,na,na,beme ja'aka,na,jaka yo'owe,na
frankenlanguage646.csv_420,0.25,qʼuʕndɨ rišidbir,qʼuʕndɨ rišidbir,qʼuʕndɨ rišidbir,qʼuʕndɨ rišidbir,qʼuʕndɨ rišidbir,qʼuʕndɨ rišidbir,qʼuʕndɨ rišidbir,qʼuʕndɨ rišidbir,qʼuʕndɨ rišidbir,qʼuʕndɨ rišidbir,qʼuʕndɨ rišidbir,qʼuʕndɨ rišidbir,na,dayı,dayı,na,teyze,teyze,na,amca,amca,na,hala,hala
frankenlanguage647.csv_420,0.25,nepa,nepa,nepa,nepa,nepa,nepa,nepa,nepa,nepa,nepa,nepa,nepa,na,dayı,dayı,na,teyze,teyze,na,amca,amca,na,hala,hala
frankenlanguage648.csv_420,0.25,cacera (bhāi),cacera (bhāi),cacera (bhāi),cacera (bhāi),cacera (bhāi),cacera (bhāi),cacera (bhāi),cacera (bhāi),cacera (bhāi),cacera (bhāi),cacera (bhāi),cacera (bhāi),-l-atɨ,-l-atɨ,-l-atɨ,e'u,e'u,e'u,papa,papa,papa,pipi,pipi,pipi
frankenlanguage649.csv_420,0.5,oy-akno,oy-akno,oy-akno,oy-akno,oy-akno,oy-akno,oy-akno,oy-akno,oy-akno,oy-akno,oy-akno,oy-akno,netsim,netsim,netsim,netul,netul,netul,netsim,netsim,netsim,netul,netul,netul
frankenlanguage65.csv_420,0.25,primu],primu],primu],primu],primu],primu],primu],primu],primu],primu],primu],primu],nindɨ šu,nindɨ šu,nindɨ šu,nindɨ riši,nindɨ riši,nindɨ riši,didtɨ šu,didtɨ šu,didtɨ šu,didtɨ riši,didtɨ riši,didtɨ riši
frankenlanguage650.csv_420,0.25,waas,waas,waas,waas,waas,waas,waas,waas,waas,waas,waas,waas,na,dayı,dayı,na,teyze,teyze,na,amca,amca,na,hala,hala
frankenlanguage651.csv_420,0.25,waas,waas,waas,waas,waas,waas,waas,waas,waas,waas,waas,waas,kʸakʸa,kʸakʸa,kʸakʸa,-c̷itta ɬašši,-c̷itta ɬašši,-c̷itta ɬašši,-tačču ɬašši,-tačču ɬašši,-tačču ɬašši,kuku,kuku,kuku
frankenlanguage652.csv_420,0.25,oy-akno,oy-akno,oy-akno,oy-akno,oy-akno,oy-akno,oy-akno,oy-akno,oy-akno,oy-akno,oy-akno,oy-akno,kʸakʸa,kʸakʸa,kʸakʸa,-c̷itta ɬašši,-c̷itta ɬašši,-c̷itta ɬašši,-tačču ɬašši,-tačču ɬašši,-tačču ɬašši,kuku,kuku,kuku
frankenlanguage655.csv_420,0.25,bratan,bratan,bratan,bratan,bratan,bratan,bratan,bratan,bratan,bratan,bratan,bratan,kʸakʸa,kʸakʸa,kʸakʸa,-c̷itta ɬašši,-c̷itta ɬašši,-c̷itta ɬašši,-tačču ɬašši,-tačču ɬašši,-tačču ɬašši,kuku,kuku,kuku
frankenlanguage657.csv_420,0.25,oy-akno,oy-akno,oy-akno,oy-akno,oy-akno,oy-akno,oy-akno,oy-akno,oy-akno,oy-akno,oy-akno,oy-akno,māmū,māmū,māmū,māsī,māsī,māsī,tāyā,tāyā,tāyā,bhūyā,bhūyā,bhūyā
frankenlanguage658.csv_420,0.5,primu],primu],primu],primu],primu],primu],primu],primu],primu],primu],primu],primu],luŋ,luŋ,luŋ,pa:,pa:,pa:,luŋ,luŋ,luŋ,pa:,pa:,pa:
frankenlanguage659.csv_420,0.6,thaatha,thaatha,thaatha,na,na,na,na,na,na,thaatha,thaatha,na,malume,malume,malume,mame,mame,mame,baba,baba omukulu,baba omncane,babakazi,babakazi,babakazi
frankenlanguage66.csv_420,0.25,waas,waas,waas,waas,waas,waas,waas,waas,waas,waas,waas,waas,cóca,cóca,cóca,huáata,huáata,huáata,épa,épa,épa,náchi,náchi,náchi
frankenlanguage660.csv_420,0.42857142857142855,jóncho,jóncho,jóncho,cóco,cóco,cóco,jóncho,jóncho,jóncho,jóncho,jóncho,jóncho,na,"娘舅, 舅舅","娘舅, 舅舅",na,娘姨xx,na,na,"大伯, 伯伯",阿叔,na,"嬷嬷, 好伯",娘娘
frankenlanguage664.csv_420,0.5,kuzen,kuzen,kuzen,kuzen,kuzen,kuzen,kuzen,kuzen,kuzen,kuzen,kuzen,kuzen,luŋ,luŋ,luŋ,pa:,pa:,pa:,luŋ,luŋ,luŋ,pa:,pa:,pa:
frankenlanguage665.csv_420,0.6666666666666666,thaatha,thaatha,thaatha,na,na,na,na,na,na,thaatha,thaatha,na,na,dayı,dayı,na,teyze,teyze,na,amca,amca,na,hala,hala
frankenlanguage667.csv_420,0.5,kuzen,kuzen,kuzen,kuzen,kuzen,kuzen,kuzen,kuzen,kuzen,kuzen,kuzen,kuzen,kawo,kawo,kawo,kawo,kawo,kawo,baaba,baaba,baaba,wobna,wobna,wobna
frankenlanguage67.csv_420,0.25,cacera (bhāi),cacera (bhāi),cacera (bhāi),cacera (bhāi),cacera (bhāi),cacera (bhāi),cacera (bhāi),cacera (bhāi),cacera (bhāi),cacera (bhāi),cacera (bhāi),cacera (bhāi),-l-atɨ,-l-atɨ,-l-atɨ,e'u,e'u,e'u,papa,papa,papa,pipi,pipi,pipi
frankenlanguage671.csv_420,0.25,bratan,bratan,bratan,bratan,bratan,bratan,bratan,bratan,bratan,bratan,bratan,bratan,nindɨ šu,nindɨ šu,nindɨ šu,nindɨ riši,nindɨ riši,nindɨ riši,didtɨ šu,didtɨ šu,didtɨ šu,didtɨ riši,didtɨ riši,didtɨ riši
frankenlanguage672.csv_420,0.5,bratan,bratan,bratan,bratan,bratan,bratan,bratan,bratan,bratan,bratan,bratan,bratan,luŋ,luŋ,luŋ,pa:,pa:,pa:,luŋ,luŋ,luŋ,pa:,pa:,pa:
frankenlanguage673.csv_420,0.5,cacera (bhāi),cacera (bhāi),cacera (bhāi),cacera (bhāi),cacera (bhāi),cacera (bhāi),cacera (bhāi),cacera (bhāi),cacera (bhāi),cacera (bhāi),cacera (bhāi),cacera (bhāi),luŋ,luŋ,luŋ,pa:,pa:,pa:,luŋ,luŋ,luŋ,pa:,pa:,pa:
frankenlanguage674.csv_420,0.25,nepa,nepa,nepa,nepa,nepa,nepa,nepa,nepa,nepa,nepa,nepa,nepa,māmū,māmū,māmū,māsī,māsī,māsī,tāyā,tāyā,tāyā,bhūyā,bhūyā,bhūyā
frankenlanguage675.csv_420,0.25,waas,waas,waas,waas,waas,waas,waas,waas,waas,waas,waas,waas,na,"yaake, awa","yaake, awa",na,papa,papa,na,mae,mae,na,arombo,arombo
frankenlanguage676.csv_420,0.6,thaatha,thaatha,thaatha,na,na,na,na,na,na,thaatha,thaatha,na,luŋ,luŋ,luŋ,pa:,pa:,pa:,luŋ,luŋ,luŋ,pa:,pa:,pa:
frankenlanguage678.csv_420,0.14285714285714285,bratan,bratan,bratan,bratan,bratan,bratan,bratan,bratan,bratan,bratan,bratan,bratan,na,menamama,na,na,beddamma,na,na,beddava,nanno,sowdamma,sowdamma,sowdamma
frankenlanguage679.csv_420,0.25,khuan ńjai,khuan ńjai,khuan ńjai,khuan ńjai,khuan ńjai,khuan ńjai,khuan ńjai,khuan ńjai,khuan ńjai,khuan ńjai,khuan ńjai,khuan ńjai,na,acha,acha,na,atung,achi,na,awa di,adai,na,apa,amoi
frankenlanguage680.csv_420,0.6666666666666666,aai,aai,aai,na,na,na,na,na,na,aai,aai,na,na,"娘舅, 舅舅","娘舅, 舅舅",na,娘姨xx,na,na,"大伯, 伯伯",阿叔,na,"嬷嬷, 好伯",娘娘
frankenlanguage681.csv_420,0.5,khuan ńjai,khuan ńjai,khuan ńjai,khuan ńjai,khuan ńjai,khuan ńjai,khuan ńjai,khuan ńjai,khuan ńjai,khuan ńjai,khuan ńjai,khuan ńjai,netsim,netsim,netsim,netul,netul,netul,netsim,netsim,netsim,netul,netul,netul
frankenlanguage683.csv_420,0.25,khuan ńjai,khuan ńjai,khuan ńjai,khuan ńjai,khuan ńjai,khuan ńjai,khuan ńjai,khuan ńjai,khuan ńjai,khuan ńjai,khuan ńjai,khuan ńjai,cóca,cóca,cóca,huáata,huáata,huáata,épa,épa,épa,náchi,náchi,náchi
frankenlanguage685.csv_420,0.25,cacera (bhāi),cacera (bhāi),cacera (bhāi),cacera (bhāi),cacera (bhāi),cacera (bhāi),cacera (bhāi),cacera (bhāi),cacera (bhāi),cacera (bhāi),cacera (bhāi),cacera (bhāi),na,dayı,dayı,na,teyze,teyze,na,amca,amca,na,hala,hala
frankenlanguage686.csv_420,0.25,qʼuʕndɨ rišidbir,qʼuʕndɨ rišidbir,qʼuʕndɨ rišidbir,qʼuʕndɨ rišidbir,qʼuʕndɨ rišidbir,qʼuʕndɨ rišidbir,qʼuʕndɨ rišidbir,qʼuʕndɨ rišidbir,qʼuʕndɨ rišidbir,qʼuʕndɨ rišidbir,qʼuʕndɨ rišidbir,qʼuʕndɨ rišidbir,-l-atɨ,-l-atɨ,-l-atɨ,e'u,e'u,e'u,papa,papa,papa,pipi,pipi,pipi
frankenlanguage687.csv_420,0.25,waas,waas,waas,waas,waas,waas,waas,waas,waas,waas,waas,waas,na,"yaake, awa","yaake, awa",na,papa,papa,na,mae,mae,na,arombo,arombo
frankenlanguage688.csv_420,0.6,thaatha,thaatha,thaatha,na,na,na,na,na,na,thaatha,thaatha,na,däd’,däd’,däd’,tädi,tädi,tädi,däd’,däd’,däd’,tädi,tädi,tädi
frankenlanguage69.csv_420,0.25,primu],primu],primu],primu],primu],primu],primu],primu],primu],primu],primu],primu],na,dayı,dayı,na,teyze,teyze,na,amca,amca,na,hala,hala
frankenlanguage691.csv_420,0.25,cacera (bhāi),cacera (bhāi),cacera (bhāi),cacera (bhāi),cacera (bhāi),cacera (bhāi),cacera (bhāi),cacera (bhāi),cacera (bhāi),cacera (bhāi),cacera (bhāi),cacera (bhāi),na,"yaake, awa","yaake, awa",na,papa,papa,na,mae,mae,na,arombo,arombo
frankenlanguage693.csv_420,0.75,jóncho,jóncho,jóncho,cóco,cóco,cóco,jóncho,jóncho,jóncho,jóncho,jóncho,jóncho,däd’,däd’,däd’,tädi,tädi,tädi,däd’,däd’,däd’,tädi,tädi,tädi
frankenlanguage695.csv_420,1.0,jóncho,jóncho,jóncho,cóco,cóco,cóco,jóncho,jóncho,jóncho,jóncho,jóncho,jóncho,na,maghiha,maghiha,na,na,na,na,maghiha,maghiha,na,na,na
frankenlanguage696.csv_420,0.5,primu],primu],primu],primu],primu],primu],primu],primu],primu],primu],primu],primu],kawo,kawo,kawo,kawo,kawo,kawo,baaba,baaba,baaba,wobna,wobna,wobna
frankenlanguage698.csv_420,0.5,bratan,bratan,bratan,bratan,bratan,bratan,bratan,bratan,bratan,bratan,bratan,bratan,garugi:,garugi:,garugi:,walgan,walgan,walgan,garugi:,garugi:,garugi:,gamiyan,gamiyan,gamiyan
frankenlanguage7.csv_420,0.25,nepa,nepa,nepa,nepa,nepa,nepa,nepa,nepa,nepa,nepa,nepa,nepa,nindɨ šu,nindɨ šu,nindɨ šu,nindɨ riši,nindɨ riši,nindɨ riši,didtɨ šu,didtɨ šu,didtɨ šu,didtɨ riši,didtɨ riši,didtɨ riši
frankenlanguage700.csv_420,0.6666666666666666,thaatha,thaatha,thaatha,na,na,na,na,na,na,thaatha,thaatha,na,na,dayı,dayı,na,teyze,teyze,na,amca,amca,na,hala,hala
frankenlanguage701.csv_420,0.25,oy-akno,oy-akno,oy-akno,oy-akno,oy-akno,oy-akno,oy-akno,oy-akno,oy-akno,oy-akno,oy-akno,oy-akno,māmū,māmū,māmū,māsī,māsī,māsī,tāyā,tāyā,tāyā,bhūyā,bhūyā,bhūyā
frankenlanguage703.csv_420,0.5,cacera (bhāi),cacera (bhāi),cacera (bhāi),cacera (bhāi),cacera (bhāi),cacera (bhāi),cacera (bhāi),cacera (bhāi),cacera (bhāi),cacera (bhāi),cacera (bhāi),cacera (bhāi),o-tam-ru,o-tam-ru,o-tam-ru,yɨ-son,yɨ-son,yɨ-son,yɨɨm,yɨɨm,yɨɨm,o-tam-ru,o-tam-ru,o-tam-ru
frankenlanguage704.csv_420,0.6666666666666666,thaatha,thaatha,thaatha,na,na,na,na,na,na,thaatha,thaatha,na,na,"娘舅, 舅舅","娘舅, 舅舅",na,娘姨xx,na,na,"大伯, 伯伯",阿叔,na,"嬷嬷, 好伯",娘娘
frankenlanguage705.csv_420,1.0,nepa,nepa,nepa,nepa,nepa,nepa,nepa,nepa,nepa,nepa,nepa,nepa,na,maghiha,maghiha,na,na,na,na,maghiha,maghiha,na,na,na
frankenlanguage706.csv_420,0.6,thaatha,thaatha,thaatha,na,na,na,na,na,na,thaatha,thaatha,na,nindɨ šu,nindɨ šu,nindɨ šu,nindɨ riši,nindɨ riši,nindɨ riši,didtɨ šu,didtɨ šu,didtɨ šu,didtɨ riši,didtɨ riši,didtɨ riši
frankenlanguage707.csv_420,0.2857142857142857,jóncho,jóncho,jóncho,cóco,cóco,cóco,jóncho,jóncho,jóncho,jóncho,jóncho,jóncho,na,menamama,na,na,beddamma,na,na,beddava,nanno,sowdamma,sowdamma,sowdamma
frankenlanguage708.csv_420,0.2857142857142857,cacera (bhāi),cacera (bhāi),cacera (bhāi),cacera (bhāi),cacera (bhāi),cacera (bhāi),cacera (bhāi),cacera (bhāi),cacera (bhāi),cacera (bhāi),cacera (bhāi),cacera (bhāi),na,"娘舅, 舅舅","娘舅, 舅舅",na,娘姨xx,na,na,"大伯, 伯伯",阿叔,na,"嬷嬷, 好伯",娘娘
frankenlanguage709.csv_420,0.2857142857142857,oy-akno,oy-akno,oy-akno,oy-akno,oy-akno,oy-akno,oy-akno,oy-akno,oy-akno,oy-akno,oy-akno,oy-akno,na,"娘舅, 舅舅","娘舅, 舅舅",na,娘姨xx,na,na,"大伯, 伯伯",阿叔,na,"嬷嬷, 好伯",娘娘
frankenlanguage71.csv_420,0.25,nepa,nepa,nepa,nepa,nepa,nepa,nepa,nepa,nepa,nepa,nepa,nepa,nindɨ šu,nindɨ šu,nindɨ šu,nindɨ riši,nindɨ riši,nindɨ riši,didtɨ šu,didtɨ šu,didtɨ šu,didtɨ riši,didtɨ riši,didtɨ riši
frankenlanguage710.csv_420,0.25,cacera (bhāi),cacera (bhāi),cacera (bhāi),cacera (bhāi),cacera (bhāi),cacera (bhāi),cacera (bhāi),cacera (bhāi),cacera (bhāi),cacera (bhāi),cacera (bhāi),cacera (bhāi),na,"yaake, awa","yaake, awa",na,papa,papa,na,mae,mae,na,arombo,arombo
frankenlanguage711.csv_420,0.25,nepa,nepa,nepa,nepa,nepa,nepa,nepa,nepa,nepa,nepa,nepa,nepa,na,"yaake, awa","yaake, awa",na,papa,papa,na,mae,mae,na,arombo,arombo
frankenlanguage713.csv_420,0.6,aai,aai,aai,na,na,na,na,na,na,aai,aai,na,nindɨ šu,nindɨ šu,nindɨ šu,nindɨ riši,nindɨ riši,nindɨ riši,didtɨ šu,didtɨ šu,didtɨ šu,didtɨ riši,didtɨ riši,didtɨ riši
frankenlanguage714.csv_420,0.6,thaatha,thaatha,thaatha,na,na,na,na,na,na,thaatha,thaatha,na,netsim,netsim,netsim,netul,netul,netul,netsim,netsim,netsim,netul,netul,netul
frankenlanguage715.csv_420,0.25,cacera (bhāi),cacera (bhāi),cacera (bhāi),cacera (bhāi),cacera (bhāi),cacera (bhāi),cacera (bhāi),cacera (bhāi),cacera (bhāi),cacera (bhāi),cacera (bhāi),cacera (bhāi),-l-atɨ,-l-atɨ,-l-atɨ,e'u,e'u,e'u,papa,papa,papa,pipi,pipi,pipi
frankenlanguage716.csv_420,0.2857142857142857,primu],primu],primu],primu],primu],primu],primu],primu],primu],primu],primu],primu],na,"娘舅, 舅舅","娘舅, 舅舅",na,娘姨xx,na,na,"大伯, 伯伯",阿叔,na,"嬷嬷, 好伯",娘娘
frankenlanguage718.csv_420,0.25,primu],primu],primu],primu],primu],primu],primu],primu],primu],primu],primu],primu],kʸakʸa,kʸakʸa,kʸakʸa,-c̷itta ɬašši,-c̷itta ɬašši,-c̷itta ɬašši,-tačču ɬašši,-tačču ɬašši,-tačču ɬašši,kuku,kuku,kuku
frankenlanguage719.csv_420,0.5,cacera (bhāi),cacera (bhāi),cacera (bhāi),cacera (bhāi),cacera (bhāi),cacera (bhāi),cacera (bhāi),cacera (bhāi),cacera (bhāi),cacera (bhāi),cacera (bhāi),cacera (bhāi),däd’,däd’,däd’,tädi,tädi,tädi,däd’,däd’,däd’,tädi,tädi,tädi
frankenlanguage72.csv_420,0.5,waas,waas,waas,waas,waas,waas,waas,waas,waas,waas,waas,waas,o-tam-ru,o-tam-ru,o-tam-ru,yɨ-son,yɨ-son,yɨ-son,yɨɨm,yɨɨm,yɨɨm,o-tam-ru,o-tam-ru,o-tam-ru
frankenlanguage720.csv_420,0.6,aai,aai,aai,na,na,na,na,na,na,aai,aai,na,garugi:,garugi:,garugi:,walgan,walgan,walgan,garugi:,garugi:,garugi:,gamiyan,gamiyan,gamiyan
frankenlanguage721.csv_420,0.25,primu],primu],primu],primu],primu],primu],primu],primu],primu],primu],primu],primu],malume,malume,malume,mame,mame,mame,baba,baba omukulu,baba omncane,babakazi,babakazi,babakazi
frankenlanguage722.csv_420,0.2857142857142857,waas,waas,waas,waas,waas,waas,waas,waas,waas,waas,waas,waas,na,"娘舅, 舅舅","娘舅, 舅舅",na,娘姨xx,na,na,"大伯, 伯伯",阿叔,na,"嬷嬷, 好伯",娘娘
frankenlanguage723.csv_420,0.5,oy-akno,oy-akno,oy-akno,oy-akno,oy-akno,oy-akno,oy-akno,oy-akno,oy-akno,oy-akno,oy-akno,oy-akno,netsim,netsim,netsim,netul,netul,netul,netsim,netsim,netsim,netul,netul,netul
frankenlanguage725.csv_420,0.2857142857142857,khuan ńjai,khuan ńjai,khuan ńjai,khuan ńjai,khuan ńjai,khuan ńjai,khuan ńjai,khuan ńjai,khuan ńjai,khuan ńjai,khuan ńjai,khuan ńjai,na,"娘舅, 舅舅","娘舅, 舅舅",na,娘姨xx,na,na,"大伯, 伯伯",阿叔,na,"嬷嬷, 好伯",娘娘
frankenlanguage726.csv_420,0.5,bratan,bratan,bratan,bratan,bratan,bratan,bratan,bratan,bratan,bratan,bratan,bratan,garugi:,garugi:,garugi:,walgan,walgan,walgan,garugi:,garugi:,garugi:,gamiyan,gamiyan,gamiyan
frankenlanguage727.csv_420,0.5,cacera (bhāi),cacera (bhāi),cacera (bhāi),cacera (bhāi),cacera (bhāi),cacera (bhāi),cacera (bhāi),cacera (bhāi),cacera (bhāi),cacera (bhāi),cacera (bhāi),cacera (bhāi),o-tam-ru,o-tam-ru,o-tam-ru,yɨ-son,yɨ-son,yɨ-son,yɨɨm,yɨɨm,yɨɨm,o-tam-ru,o-tam-ru,o-tam-ru
frankenlanguage729.csv_420,0.2857142857142857,qʼuʕndɨ rišidbir,qʼuʕndɨ rišidbir,qʼuʕndɨ rišidbir,qʼuʕndɨ rišidbir,qʼuʕndɨ rišidbir,qʼuʕndɨ rišidbir,qʼuʕndɨ rišidbir,qʼuʕndɨ rišidbir,qʼuʕndɨ rišidbir,qʼuʕndɨ rišidbir,qʼuʕndɨ rišidbir,qʼuʕndɨ rišidbir,na,"娘舅, 舅舅","娘舅, 舅舅",na,娘姨xx,na,na,"大伯, 伯伯",阿叔,na,"嬷嬷, 好伯",娘娘
frankenlanguage73.csv_420,0.6,thaatha,thaatha,thaatha,na,na,na,na,na,na,thaatha,thaatha,na,-l-atɨ,-l-atɨ,-l-atɨ,e'u,e'u,e'u,papa,papa,papa,pipi,pipi,pipi
frankenlanguage731.csv_420,0.75,mzala,mzala,mzala,ukanina,ukanina,ukanina,mfo,mfo,mfo,mzala,mzala,mfo,kʸakʸa,kʸakʸa,kʸakʸa,-c̷itta ɬašši,-c̷itta ɬašši,-c̷itta ɬašši,-tačču ɬašši,-tačču ɬašši,-tačču ɬašši,kuku,kuku,kuku
frankenlanguage732.csv_420,0.5,primu],primu],primu],primu],primu],primu],primu],primu],primu],primu],primu],primu],na,na,na,na,na,na,na,na,beme ja'aka,na,jaka yo'owe,na
frankenlanguage736.csv_420,0.6,thaatha,thaatha,thaatha,na,na,na,na,na,na,thaatha,thaatha,na,däd’,däd’,däd’,tädi,tädi,tädi,däd’,däd’,däd’,tädi,tädi,tädi
frankenlanguage737.csv_420,0.25,nepa,nepa,nepa,nepa,nepa,nepa,nepa,nepa,nepa,nepa,nepa,nepa,kʸakʸa,kʸakʸa,kʸakʸa,-c̷itta ɬašši,-c̷itta ɬašši,-c̷itta ɬašši,-tačču ɬašši,-tačču ɬašši,-tačču ɬašši,kuku,kuku,kuku
frankenlanguage738.csv_420,0.25,oy-akno,oy-akno,oy-akno,oy-akno,oy-akno,oy-akno,oy-akno,oy-akno,oy-akno,oy-akno,oy-akno,oy-akno,na,acha,acha,na,atung,achi,na,awa di,adai,na,apa,amoi
frankenlanguage739.csv_420,0.5,qʼuʕndɨ rišidbir,qʼuʕndɨ rišidbir,qʼuʕndɨ rišidbir,qʼuʕndɨ rišidbir,qʼuʕndɨ rišidbir,qʼuʕndɨ rišidbir,qʼuʕndɨ rišidbir,qʼuʕndɨ rišidbir,qʼuʕndɨ rišidbir,qʼuʕndɨ rišidbir,qʼuʕndɨ rišidbir,qʼuʕndɨ rišidbir,netsim,netsim,netsim,netul,netul,netul,netsim,netsim,netsim,netul,netul,netul
frankenlanguage742.csv_420,0.42857142857142855,jóncho,jóncho,jóncho,cóco,cóco,cóco,jóncho,jóncho,jóncho,jóncho,jóncho,jóncho,na,"娘舅, 舅舅","娘舅, 舅舅",na,娘姨xx,na,na,"大伯, 伯伯",阿叔,na,"嬷嬷, 好伯",娘娘
frankenlanguage745.csv_420,0.5,nepa,nepa,nepa,nepa,nepa,nepa,nepa,nepa,nepa,nepa,nepa,nepa,garugi:,garugi:,garugi:,walgan,walgan,walgan,garugi:,garugi:,garugi:,gamiyan,gamiyan,gamiyan
frankenlanguage748.csv_420,0.25,oy-akno,oy-akno,oy-akno,oy-akno,oy-akno,oy-akno,oy-akno,oy-akno,oy-akno,oy-akno,oy-akno,oy-akno,cóca,cóca,cóca,huáata,huáata,huáata,épa,épa,épa,náchi,náchi,náchi
frankenlanguage749.csv_420,0.6,aai,aai,aai,na,na,na,na,na,na,aai,aai,na,kawo,kawo,kawo,kawo,kawo,kawo,baaba,baaba,baaba,wobna,wobna,wobna
frankenlanguage750.csv_420,0.6,aai,aai,aai,na,na,na,na,na,na,aai,aai,na,däd’,däd’,däd’,tädi,tädi,tädi,däd’,däd’,däd’,tädi,tädi,tädi
frankenlanguage751.csv_420,0.9166666666666666,mzala,mzala,mzala,ukanina,ukanina,ukanina,mfo,mfo,mfo,mzala,mzala,mfo,o-tam-ru,o-tam-ru,o-tam-ru,yɨ-son,yɨ-son,yɨ-son,yɨɨm,yɨɨm,yɨɨm,o-tam-ru,o-tam-ru,o-tam-ru
frankenlanguage752.csv_420,0.5,nepa,nepa,nepa,nepa,nepa,nepa,nepa,nepa,nepa,nepa,nepa,nepa,garugi:,garugi:,garugi:,walgan,walgan,walgan,garugi:,garugi:,garugi:,gamiyan,gamiyan,gamiyan
frankenlanguage757.csv_420,0.5,khuan ńjai,khuan ńjai,khuan ńjai,khuan ńjai,khuan ńjai,khuan ńjai,khuan ńjai,khuan ńjai,khuan ńjai,khuan ńjai,khuan ńjai,khuan ńjai,o-tam-ru,o-tam-ru,o-tam-ru,yɨ-son,yɨ-son,yɨ-son,yɨɨm,yɨɨm,yɨɨm,o-tam-ru,o-tam-ru,o-tam-ru
frankenlanguage76.csv_420,0.25,bratan,bratan,bratan,bratan,bratan,bratan,bratan,bratan,bratan,bratan,bratan,bratan,na,dayı,dayı,na,teyze,teyze,na,amca,amca,na,hala,hala
frankenlanguage760.csv_420,1.0,qʼuʕndɨ rišidbir,qʼuʕndɨ rišidbir,qʼuʕndɨ rišidbir,qʼuʕndɨ rišidbir,qʼuʕndɨ rišidbir,qʼuʕndɨ rišidbir,qʼuʕndɨ rišidbir,qʼuʕndɨ rišidbir,qʼuʕndɨ rišidbir,qʼuʕndɨ rišidbir,qʼuʕndɨ rišidbir,qʼuʕndɨ rišidbir,na,maghiha,maghiha,na,na,na,na,maghiha,maghiha,na,na,na
frankenlanguage761.csv_420,0.6,aai,aai,aai,na,na,na,na,na,na,aai,aai,na,malume,malume,malume,mame,mame,mame,baba,baba omukulu,baba omncane,babakazi,babakazi,babakazi
frankenlanguage764.csv_420,0.5,jóncho,jóncho,jóncho,cóco,cóco,cóco,jóncho,jóncho,jóncho,jóncho,jóncho,jóncho,malume,malume,malume,mame,mame,mame,baba,baba omukulu,baba omncane,babakazi,babakazi,babakazi
frankenlanguage766.csv_420,0.5,primu],primu],primu],primu],primu],primu],primu],primu],primu],primu],primu],primu],netsim,netsim,netsim,netul,netul,netul,netsim,netsim,netsim,netul,netul,netul
frankenlanguage767.csv_420,0.2857142857142857,qʼuʕndɨ rišidbir,qʼuʕndɨ rišidbir,qʼuʕndɨ rišidbir,qʼuʕndɨ rišidbir,qʼuʕndɨ rišidbir,qʼuʕndɨ rišidbir,qʼuʕndɨ rišidbir,qʼuʕndɨ rišidbir,qʼuʕndɨ rišidbir,qʼuʕndɨ rišidbir,qʼuʕndɨ rišidbir,qʼuʕndɨ rišidbir,na,"娘舅, 舅舅","娘舅, 舅舅",na,娘姨xx,na,na,"大伯, 伯伯",阿叔,na,"嬷嬷, 好伯",娘娘
frankenlanguage768.csv_420,0.25,khuan ńjai,khuan ńjai,khuan ńjai,khuan ńjai,khuan ńjai,khuan ńjai,khuan ńjai,khuan ńjai,khuan ńjai,khuan ńjai,khuan ńjai,khuan ńjai,na,acha,acha,na,atung,achi,na,awa di,adai,na,apa,amoi
frankenlanguage769.csv_420,0.5,primu],primu],primu],primu],primu],primu],primu],primu],primu],primu],primu],primu],garugi:,garugi:,garugi:,walgan,walgan,walgan,garugi:,garugi:,garugi:,gamiyan,gamiyan,gamiyan
frankenlanguage771.csv_420,0.25,cacera (bhāi),cacera (bhāi),cacera (bhāi),cacera (bhāi),cacera (bhāi),cacera (bhāi),cacera (bhāi),cacera (bhāi),cacera (bhāi),cacera (bhāi),cacera (bhāi),cacera (bhāi),malume,malume,malume,mame,mame,mame,baba,baba omukulu,baba omncane,babakazi,babakazi,babakazi
frankenlanguage773.csv_420,0.2857142857142857,nepa,nepa,nepa,nepa,nepa,nepa,nepa,nepa,nepa,nepa,nepa,nepa,na,"娘舅, 舅舅","娘舅, 舅舅",na,娘姨xx,na,na,"大伯, 伯伯",阿叔,na,"嬷嬷, 好伯",娘娘
frankenlanguage774.csv_420,0.5,nepa,nepa,nepa,nepa,nepa,nepa,nepa,nepa,nepa,nepa,nepa,nepa,luŋ,luŋ,luŋ,pa:,pa:,pa:,luŋ,luŋ,luŋ,pa:,pa:,pa:
frankenlanguage778.csv_420,0.2857142857142857,nepa,nepa,nepa,nepa,nepa,nepa,nepa,nepa,nepa,nepa,nepa,nepa,na,"娘舅, 舅舅","娘舅, 舅舅",na,娘姨xx,na,na,"大伯, 伯伯",阿叔,na,"嬷嬷, 好伯",娘娘
frankenlanguage779.csv_420,1.0,waas,waas,waas,waas,waas,waas,waas,waas,waas,waas,waas,waas,na,maghiha,maghiha,na,na,na,na,maghiha,maghiha,na,na,na
frankenlanguage780.csv_420,0.25,primu],primu],primu],primu],primu],primu],primu],primu],primu],primu],primu],primu],na,"yaake, awa","yaake, awa",na,papa,papa,na,mae,mae,na,arombo,arombo
frankenlanguage782.csv_420,0.5,jóncho,jóncho,jóncho,cóco,cóco,cóco,jóncho,jóncho,jóncho,jóncho,jóncho,jóncho,māmū,māmū,māmū,māsī,māsī,māsī,tāyā,tāyā,tāyā,bhūyā,bhūyā,bhūyā
frankenlanguage784.csv_420,0.25,waas,waas,waas,waas,waas,waas,waas,waas,waas,waas,waas,waas,na,"yaake, awa","yaake, awa",na,papa,papa,na,mae,mae,na,arombo,arombo
frankenlanguage787.csv_420,0.25,waas,waas,waas,waas,waas,waas,waas,waas,waas,waas,waas,waas,na,dayı,dayı,na,teyze,teyze,na,amca,amca,na,hala,hala
frankenlanguage789.csv_420,0.6,aai,aai,aai,na,na,na,na,na,na,aai,aai,na,däd’,däd’,däd’,tädi,tädi,tädi,däd’,däd’,däd’,tädi,tädi,tädi
frankenlanguage792.csv_420,0.375,mzala,mzala,mzala,ukanina,ukanina,ukanina,mfo,mfo,mfo,mzala,mzala,mfo,na,acha,acha,na,atung,achi,na,awa di,adai,na,apa,amoi
frankenlanguage794.csv_420,0.75,jóncho,jóncho,jóncho,cóco,cóco,cóco,jóncho,jóncho,jóncho,jóncho,jóncho,jóncho,garugi:,garugi:,garugi:,walgan,walgan,walgan,garugi:,garugi:,garugi:,gamiyan,gamiyan,gamiyan
frankenlanguage798.csv_420,0.6,aai,aai,aai,na,na,na,na,na,na,aai,aai,na,cóca,cóca,cóca,huáata,huáata,huáata,épa,épa,épa,náchi,náchi,náchi
frankenlanguage799.csv_420,0.25,bratan,bratan,bratan,bratan,bratan,bratan,bratan,bratan,bratan,bratan,bratan,bratan,kʸakʸa,kʸakʸa,kʸakʸa,-c̷itta ɬašši,-c̷itta ɬašši,-c̷itta ɬašši,-tačču ɬašši,-tačču ɬašši,-tačču ɬašši,kuku,kuku,kuku
frankenlanguage8.csv_420,0.3333333333333333,aai,aai,aai,na,na,na,na,na,na,aai,aai,na,na,menamama,na,na,beddamma,na,na,beddava,nanno,sowdamma,sowdamma,sowdamma
frankenlanguage80.csv_420,0.5,cacera (bhāi),cacera (bhāi),cacera (bhāi),cacera (bhāi),cacera (bhāi),cacera (bhāi),cacera (bhāi),cacera (bhāi),cacera (bhāi),cacera (bhāi),cacera (bhāi),cacera (bhāi),na,na,na,na,na,na,na,na,beme ja'aka,na,jaka yo'owe,na
frankenlanguage801.csv_420,0.2857142857142857,khuan ńjai,khuan ńjai,khuan ńjai,khuan ńjai,khuan ńjai,khuan ńjai,khuan ńjai,khuan ńjai,khuan ńjai,khuan ńjai,khuan ńjai,khuan ńjai,na,"娘舅, 舅舅","娘舅, 舅舅",na,娘姨xx,na,na,"大伯, 伯伯",阿叔,na,"嬷嬷, 好伯",娘娘
frankenlanguage802.csv_420,0.14285714285714285,khuan ńjai,khuan ńjai,khuan ńjai,khuan ńjai,khuan ńjai,khuan ńjai,khuan ńjai,khuan ńjai,khuan ńjai,khuan ńjai,khuan ńjai,khuan ńjai,na,menamama,na,na,beddamma,na,na,beddava,nanno,sowdamma,sowdamma,sowdamma
frankenlanguage804.csv_420,1.0,oy-akno,oy-akno,oy-akno,oy-akno,oy-akno,oy-akno,oy-akno,oy-akno,oy-akno,oy-akno,oy-akno,oy-akno,na,maghiha,maghiha,na,na,na,na,maghiha,maghiha,na,na,na
frankenlanguage806.csv_420,0.25,primu],primu],primu],primu],primu],primu],primu],primu],primu],primu],primu],primu],māmū,māmū,māmū,māsī,māsī,māsī,tāyā,tāyā,tāyā,bhūyā,bhūyā,bhūyā
frankenlanguage807.csv_420,0.25,bratan,bratan,bratan,bratan,bratan,bratan,bratan,bratan,bratan,bratan,bratan,bratan,malume,malume,malume,mame,mame,mame,baba,baba omukulu,baba omncane,babakazi,babakazi,babakazi
frankenlanguage808.csv_420,0.25,waas,waas,waas,waas,waas,waas,waas,waas,waas,waas,waas,waas,malume,malume,malume,mame,mame,mame,baba,baba omukulu,baba omncane,babakazi,babakazi,babakazi
frankenlanguage809.csv_420,0.25,khuan ńjai,khuan ńjai,khuan ńjai,khuan ńjai,khuan ńjai,khuan ńjai,khuan ńjai,khuan ńjai,khuan ńjai,khuan ńjai,khuan ńjai,khuan ńjai,malume,malume,malume,mame,mame,mame,baba,baba omukulu,baba omncane,babakazi,babakazi,babakazi
frankenlanguage810.csv_420,0.25,nepa,nepa,nepa,nepa,nepa,nepa,nepa,nepa,nepa,nepa,nepa,nepa,cóca,cóca,cóca,huáata,huáata,huáata,épa,épa,épa,náchi,náchi,náchi
frankenlanguage812.csv_420,0.25,primu],primu],primu],primu],primu],primu],primu],primu],primu],primu],primu],primu],na,dayı,dayı,na,teyze,teyze,na,amca,amca,na,hala,hala
frankenlanguage814.csv_420,0.5,oy-akno,oy-akno,oy-akno,oy-akno,oy-akno,oy-akno,oy-akno,oy-akno,oy-akno,oy-akno,oy-akno,oy-akno,netsim,netsim,netsim,netul,netul,netul,netsim,netsim,netsim,netul,netul,netul
frankenlanguage815.csv_420,0.25,nepa,nepa,nepa,nepa,nepa,nepa,nepa,nepa,nepa,nepa,nepa,nepa,na,acha,acha,na,atung,achi,na,awa di,adai,na,apa,amoi
frankenlanguage816.csv_420,0.5,mzala,mzala,mzala,ukanina,ukanina,ukanina,mfo,mfo,mfo,mzala,mzala,mfo,netsim,netsim,netsim,netul,netul,netul,netsim,netsim,netsim,netul,netul,netul
frankenlanguage82.csv_420,0.6666666666666666,aai,aai,aai,na,na,na,na,na,na,aai,aai,na,na,acha,acha,na,atung,achi,na,awa di,adai,na,apa,amoi
frankenlanguage821.csv_420,0.75,jóncho,jóncho,jóncho,cóco,cóco,cóco,jóncho,jóncho,jóncho,jóncho,jóncho,jóncho,garugi:,garugi:,garugi:,walgan,walgan,walgan,garugi:,garugi:,garugi:,gamiyan,gamiyan,gamiyan
frankenlanguage822.csv_420,0.5,khuan ńjai,khuan ńjai,khuan ńjai,khuan ńjai,khuan ńjai,khuan ńjai,khuan ńjai,khuan ńjai,khuan ńjai,khuan ńjai,khuan ńjai,khuan ńjai,däd’,däd’,däd’,tädi,tädi,tädi,däd’,däd’,däd’,tädi,tädi,tädi
frankenlanguage823.csv_420,0.5,waas,waas,waas,waas,waas,waas,waas,waas,waas,waas,waas,waas,na,na,na,na,na,na,na,na,beme ja'aka,na,jaka yo'owe,na
frankenlanguage824.csv_420,0.5,primu],primu],primu],primu],primu],primu],primu],primu],primu],primu],primu],primu],luŋ,luŋ,luŋ,pa:,pa:,pa:,luŋ,luŋ,luŋ,pa:,pa:,pa:
frankenlanguage825.csv_420,0.75,mzala,mzala,mzala,ukanina,ukanina,ukanina,mfo,mfo,mfo,mzala,mzala,mfo,cóca,cóca,cóca,huáata,huáata,huáata,épa,épa,épa,náchi,náchi,náchi
frankenlanguage826.csv_420,0.25,nepa,nepa,nepa,nepa,nepa,nepa,nepa,nepa,nepa,nepa,nepa,nepa,na,acha,acha,na,atung,achi,na,awa di,adai,na,apa,amoi
frankenlanguage83.csv_420,0.5833333333333334,mzala,mzala,mzala,ukanina,ukanina,ukanina,mfo,mfo,mfo,mzala,mzala,mfo,garugi:,garugi:,garugi:,walgan,walgan,walgan,garugi:,garugi:,garugi:,gamiyan,gamiyan,gamiyan
frankenlanguage831.csv_420,0.5,nepa,nepa,nepa,nepa,nepa,nepa,nepa,nepa,nepa,nepa,nepa,nepa,garugi:,garugi:,garugi:,walgan,walgan,walgan,garugi:,garugi:,garugi:,gamiyan,gamiyan,gamiyan
frankenlanguage834.csv_420,0.25,oy-akno,oy-akno,oy-akno,oy-akno,oy-akno,oy-akno,oy-akno,oy-akno,oy-akno,oy-akno,oy-akno,oy-akno,māmū,māmū,māmū,māsī,māsī,māsī,tāyā,tāyā,tāyā,bhūyā,bhūyā,bhūyā
frankenlanguage836.csv_420,0.25,oy-akno,oy-akno,oy-akno,oy-akno,oy-akno,oy-akno,oy-akno,oy-akno,oy-akno,oy-akno,oy-akno,oy-akno,cóca,cóca,cóca,huáata,huáata,huáata,épa,épa,épa,náchi,náchi,náchi
frankenlanguage837.csv_420,0.75,mzala,mzala,mzala,ukanina,ukanina,ukanina,mfo,mfo,mfo,mzala,mzala,mfo,na,"yaake, awa","yaake, awa",na,papa,papa,na,mae,mae,na,arombo,arombo
frankenlanguage838.csv_420,0.5,nepa,nepa,nepa,nepa,nepa,nepa,nepa,nepa,nepa,nepa,nepa,nepa,garugi:,garugi:,garugi:,walgan,walgan,walgan,garugi:,garugi:,garugi:,gamiyan,gamiyan,gamiyan
frankenlanguage839.csv_420,0.5,waas,waas,waas,waas,waas,waas,waas,waas,waas,waas,waas,waas,na,na,na,na,na,na,na,na,beme ja'aka,na,jaka yo'owe,na
frankenlanguage841.csv_420,1.0,thaatha,thaatha,thaatha,na,na,na,na,na,na,thaatha,thaatha,na,o-tam-ru,o-tam-ru,o-tam-ru,yɨ-son,yɨ-son,yɨ-son,yɨɨm,yɨɨm,yɨɨm,o-tam-ru,o-tam-ru,o-tam-ru
frankenlanguage845.csv_420,1.0,khuan ńjai,khuan ńjai,khuan ńjai,khuan ńjai,khuan ńjai,khuan ńjai,khuan ńjai,khuan ńjai,khuan ńjai,khuan ńjai,khuan ńjai,khuan ńjai,na,maghiha,maghiha,na,na,na,na,maghiha,maghiha,na,na,na
frankenlanguage849.csv_420,0.25,nepa,nepa,nepa,nepa,nepa,nepa,nepa,nepa,nepa,nepa,nepa,nepa,-l-atɨ,-l-atɨ,-l-atɨ,e'u,e'u,e'u,papa,papa,papa,pipi,pipi,pipi
frankenlanguage85.csv_420,0.75,jóncho,jóncho,jóncho,cóco,cóco,cóco,jóncho,jóncho,jóncho,jóncho,jóncho,jóncho,däd’,däd’,däd’,tädi,tädi,tädi,däd’,däd’,däd’,tädi,tädi,tädi
frankenlanguage853.csv_420,0.25,bratan,bratan,bratan,bratan,bratan,bratan,bratan,bratan,bratan,bratan,bratan,bratan,-l-atɨ,-l-atɨ,-l-atɨ,e'u,e'u,e'u,papa,papa,papa,pipi,pipi,pipi
frankenlanguage854.csv_420,0.2857142857142857,qʼuʕndɨ rišidbir,qʼuʕndɨ rišidbir,qʼuʕndɨ rišidbir,qʼuʕndɨ rišidbir,qʼuʕndɨ rišidbir,qʼuʕndɨ rišidbir,qʼuʕndɨ rišidbir,qʼuʕndɨ rišidbir,qʼuʕndɨ rišidbir,qʼuʕndɨ rišidbir,qʼuʕndɨ rišidbir,qʼuʕndɨ rišidbir,na,"娘舅, 舅舅","娘舅, 舅舅",na,娘姨xx,na,na,"大伯, 伯伯",阿叔,na,"嬷嬷, 好伯",娘娘
frankenlanguage858.csv_420,0.5,jóncho,jóncho,jóncho,cóco,cóco,cóco,jóncho,jóncho,jóncho,jóncho,jóncho,jóncho,nindɨ šu,nindɨ šu,nindɨ šu,nindɨ riši,nindɨ riši,nindɨ riši,didtɨ šu,didtɨ šu,didtɨ šu,didtɨ riši,didtɨ riši,didtɨ riši
frankenlanguage859.csv_420,0.25,waas,waas,waas,waas,waas,waas,waas,waas,waas,waas,waas,waas,cóca,cóca,cóca,huáata,huáata,huáata,épa,épa,épa,náchi,náchi,náchi
frankenlanguage86.csv_420,0.5,waas,waas,waas,waas,waas,waas,waas,waas,waas,waas,waas,waas,garugi:,garugi:,garugi:,walgan,walgan,walgan,garugi:,garugi:,garugi:,gamiyan,gamiyan,gamiyan
frankenlanguage860.csv_420,0.2857142857142857,khuan ńjai,khuan ńjai,khuan ńjai,khuan ńjai,khuan ńjai,khuan ńjai,khuan ńjai,khuan ńjai,khuan ńjai,khuan ńjai,khuan ńjai,khuan ńjai,na,"娘舅, 舅舅","娘舅, 舅舅",na,娘姨xx,na,na,"大伯, 伯伯",阿叔,na,"嬷嬷, 好伯",娘娘
frankenlanguage862.csv_420,0.25,nepa,nepa,nepa,nepa,nepa,nepa,nepa,nepa,nepa,nepa,nepa,nepa,na,"yaake, awa","yaake, awa",na,papa,papa,na,mae,mae,na,arombo,arombo
frankenlanguage866.csv_420,0.5,oy-akno,oy-akno,oy-akno,oy-akno,oy-akno,oy-akno,oy-akno,oy-akno,oy-akno,oy-akno,oy-akno,oy-akno,netsim,netsim,netsim,netul,netul,netul,netsim,netsim,netsim,netul,netul,netul
frankenlanguage869.csv_420,0.25,qʼuʕndɨ rišidbir,qʼuʕndɨ rišidbir,qʼuʕndɨ rišidbir,qʼuʕndɨ rišidbir,qʼuʕndɨ rišidbir,qʼuʕndɨ rišidbir,qʼuʕndɨ rišidbir,qʼuʕndɨ rišidbir,qʼuʕndɨ rišidbir,qʼuʕndɨ rišidbir,qʼuʕndɨ rišidbir,qʼuʕndɨ rišidbir,malume,malume,malume,mame,mame,mame,baba,baba omukulu,baba omncane,babakazi,babakazi,babakazi
frankenlanguage87.csv_420,1.0,nepa,nepa,nepa,nepa,nepa,nepa,nepa,nepa,nepa,nepa,nepa,nepa,na,maghiha,maghiha,na,na,na,na,maghiha,maghiha,na,na,na
frankenlanguage870.csv_420,0.25,khuan ńjai,khuan ńjai,khuan ńjai,khuan ńjai,khuan ńjai,khuan ńjai,khuan ńjai,khuan ńjai,khuan ńjai,khuan ńjai,khuan ńjai,khuan ńjai,na,"yaake, awa","yaake, awa",na,papa,papa,na,mae,mae,na,arombo,arombo
frankenlanguage871.csv_420,0.5,cacera (bhāi),cacera (bhāi),cacera (bhāi),cacera (bhāi),cacera (bhāi),cacera (bhāi),cacera (bhāi),cacera (bhāi),cacera (bhāi),cacera (bhāi),cacera (bhāi),cacera (bhāi),garugi:,garugi:,garugi:,walgan,walgan,walgan,garugi:,garugi:,garugi:,gamiyan,gamiyan,gamiyan
frankenlanguage873.csv_420,0.5,qʼuʕndɨ rišidbir,qʼuʕndɨ rišidbir,qʼuʕndɨ rišidbir,qʼuʕndɨ rišidbir,qʼuʕndɨ rišidbir,qʼuʕndɨ rišidbir,qʼuʕndɨ rišidbir,qʼuʕndɨ rišidbir,qʼuʕndɨ rišidbir,qʼuʕndɨ rišidbir,qʼuʕndɨ rišidbir,qʼuʕndɨ rišidbir,na,na,na,na,na,na,na,na,beme ja'aka,na,jaka yo'owe,na
frankenlanguage875.csv_420,0.6666666666666666,aai,aai,aai,na,na,na,na,na,na,aai,aai,na,na,acha,acha,na,atung,achi,na,awa di,adai,na,apa,amoi
frankenlanguage876.csv_420,0.25,cacera (bhāi),cacera (bhāi),cacera (bhāi),cacera (bhāi),cacera (bhāi),cacera (bhāi),cacera (bhāi),cacera (bhāi),cacera (bhāi),cacera (bhāi),cacera (bhāi),cacera (bhāi),na,"yaake, awa","yaake, awa",na,papa,papa,na,mae,mae,na,arombo,arombo
frankenlanguage877.csv_420,0.25,khuan ńjai,khuan ńjai,khuan ńjai,khuan ńjai,khuan ńjai,khuan ńjai,khuan ńjai,khuan ńjai,khuan ńjai,khuan ńjai,khuan ńjai,khuan ńjai,-l-atɨ,-l-atɨ,-l-atɨ,e'u,e'u,e'u,papa,papa,papa,pipi,pipi,pipi
frankenlanguage878.csv_420,0.3333333333333333,mzala,mzala,mzala,ukanina,ukanina,ukanina,mfo,mfo,mfo,mzala,mzala,mfo,kawo,kawo,kawo,kawo,kawo,kawo,baaba,baaba,baaba,wobna,wobna,wobna
frankenlanguage88.csv_420,1.0,oy-akno,oy-akno,oy-akno,oy-akno,oy-akno,oy-akno,oy-akno,oy-akno,oy-akno,oy-akno,oy-akno,oy-akno,na,maghiha,maghiha,na,na,na,na,maghiha,maghiha,na,na,na
frankenlanguage880.csv_420,0.25,khuan ńjai,khuan ńjai,khuan ńjai,khuan ńjai,khuan ńjai,khuan ńjai,khuan ńjai,khuan ńjai,khuan ńjai,khuan ńjai,khuan ńjai,khuan ńjai,na,"yaake, awa","yaake, awa",na,papa,papa,na,mae,mae,na,arombo,arombo
frankenlanguage885.csv_420,0.5833333333333334,mzala,mzala,mzala,ukanina,ukanina,ukanina,mfo,mfo,mfo,mzala,mzala,mfo,garugi:,garugi:,garugi:,walgan,walgan,walgan,garugi:,garugi:,garugi:,gamiyan,gamiyan,gamiyan
frankenlanguage891.csv_420,0.25,nepa,nepa,nepa,nepa,nepa,nepa,nepa,nepa,nepa,nepa,nepa,nepa,na,acha,acha,na,atung,achi,na,awa di,adai,na,apa,amoi
frankenlanguage892.csv_420,0.5,oy-akno,oy-akno,oy-akno,oy-akno,oy-akno,oy-akno,oy-akno,oy-akno,oy-akno,oy-akno,oy-akno,oy-akno,kawo,kawo,kawo,kawo,kawo,kawo,baaba,baaba,baaba,wobna,wobna,wobna
frankenlanguage894.csv_420,0.25,oy-akno,oy-akno,oy-akno,oy-akno,oy-akno,oy-akno,oy-akno,oy-akno,oy-akno,oy-akno,oy-akno,oy-akno,malume,malume,malume,mame,mame,mame,baba,baba omukulu,baba omncane,babakazi,babakazi,babakazi
frankenlanguage896.csv_420,0.25,qʼuʕndɨ rišidbir,qʼuʕndɨ rišidbir,qʼuʕndɨ rišidbir,qʼuʕndɨ rišidbir,qʼuʕndɨ rišidbir,qʼuʕndɨ rišidbir,qʼuʕndɨ rišidbir,qʼuʕndɨ rišidbir,qʼuʕndɨ rišidbir,qʼuʕndɨ rišidbir,qʼuʕndɨ rišidbir,qʼuʕndɨ rišidbir,na,"yaake, awa","yaake, awa",na,papa,papa,na,mae,mae,na,arombo,arombo
frankenlanguage898.csv_420,0.5,bratan,bratan,bratan,bratan,bratan,bratan,bratan,bratan,bratan,bratan,bratan,bratan,na,na,na,na,na,na,na,na,beme ja'aka,na,jaka yo'owe,na
frankenlanguage900.csv_420,0.5,primu],primu],primu],primu],primu],primu],primu],primu],primu],primu],primu],primu],na,na,na,na,na,na,na,na,beme ja'aka,na,jaka yo'owe,na
frankenlanguage901.csv_420,0.2857142857142857,kuzen,kuzen,kuzen,kuzen,kuzen,kuzen,kuzen,kuzen,kuzen,kuzen,kuzen,kuzen,na,"娘舅, 舅舅","娘舅, 舅舅",na,娘姨xx,na,na,"大伯, 伯伯",阿叔,na,"嬷嬷, 好伯",娘娘
frankenlanguage902.csv_420,0.25,nepa,nepa,nepa,nepa,nepa,nepa,nepa,nepa,nepa,nepa,nepa,nepa,-l-atɨ,-l-atɨ,-l-atɨ,e'u,e'u,e'u,papa,papa,papa,pipi,pipi,pipi
frankenlanguage906.csv_420,0.25,waas,waas,waas,waas,waas,waas,waas,waas,waas,waas,waas,waas,māmū,māmū,māmū,māsī,māsī,māsī,tāyā,tāyā,tāyā,bhūyā,bhūyā,bhūyā
frankenlanguage907.csv_420,0.5,jóncho,jóncho,jóncho,cóco,cóco,cóco,jóncho,jóncho,jóncho,jóncho,jóncho,jóncho,-l-atɨ,-l-atɨ,-l-atɨ,e'u,e'u,e'u,papa,papa,papa,pipi,pipi,pipi
frankenlanguage909.csv_420,0.25,oy-akno,oy-akno,oy-akno,oy-akno,oy-akno,oy-akno,oy-akno,oy-akno,oy-akno,oy-akno,oy-akno,oy-akno,malume,malume,malume,mame,mame,mame,baba,baba omukulu,baba omncane,babakazi,babakazi,babakazi
frankenlanguage91.csv_420,0.5,jóncho,jóncho,jóncho,cóco,cóco,cóco,jóncho,jóncho,jóncho,jóncho,jóncho,jóncho,māmū,māmū,māmū,māsī,māsī,māsī,tāyā,tāyā,tāyā,bhūyā,bhūyā,bhūyā
frankenlanguage910.csv_420,0.5,waas,waas,waas,waas,waas,waas,waas,waas,waas,waas,waas,waas,o-tam-ru,o-tam-ru,o-tam-ru,yɨ-son,yɨ-son,yɨ-son,yɨɨm,yɨɨm,yɨɨm,o-tam-ru,o-tam-ru,o-tam-ru
frankenlanguage912.csv_420,0.5,qʼuʕndɨ rišidbir,qʼuʕndɨ rišidbir,qʼuʕndɨ rišidbir,qʼuʕndɨ rišidbir,qʼuʕndɨ rišidbir,qʼuʕndɨ rišidbir,qʼuʕndɨ rišidbir,qʼuʕndɨ rišidbir,qʼuʕndɨ rišidbir,qʼuʕndɨ rišidbir,qʼuʕndɨ rišidbir,qʼuʕndɨ rišidbir,luŋ,luŋ,luŋ,pa:,pa:,pa:,luŋ,luŋ,luŋ,pa:,pa:,pa:
frankenlanguage913.csv_420,0.25,khuan ńjai,khuan ńjai,khuan ńjai,khuan ńjai,khuan ńjai,khuan ńjai,khuan ńjai,khuan ńjai,khuan ńjai,khuan ńjai,khuan ńjai,khuan ńjai,-l-atɨ,-l-atɨ,-l-atɨ,e'u,e'u,e'u,papa,papa,papa,pipi,pipi,pipi
frankenlanguage914.csv_420,0.5,waas,waas,waas,waas,waas,waas,waas,waas,waas,waas,waas,waas,däd’,däd’,däd’,tädi,tädi,tädi,däd’,däd’,däd’,tädi,tädi,tädi
frankenlanguage915.csv_420,0.25,nepa,nepa,nepa,nepa,nepa,nepa,nepa,nepa,nepa,nepa,nepa,nepa,kʸakʸa,kʸakʸa,kʸakʸa,-c̷itta ɬašši,-c̷itta ɬašši,-c̷itta ɬašši,-tačču ɬašši,-tačču ɬašši,-tačču ɬašši,kuku,kuku,kuku
frankenlanguage918.csv_420,0.25,jóncho,jóncho,jóncho,cóco,cóco,cóco,jóncho,jóncho,jóncho,jóncho,jóncho,jóncho,kawo,kawo,kawo,kawo,kawo,kawo,baaba,baaba,baaba,wobna,wobna,wobna
frankenlanguage919.csv_420,0.25,khuan ńjai,khuan ńjai,khuan ńjai,khuan ńjai,khuan ńjai,khuan ńjai,khuan ńjai,khuan ńjai,khuan ńjai,khuan ńjai,khuan ńjai,khuan ńjai,malume,malume,malume,mame,mame,mame,baba,baba omukulu,baba omncane,babakazi,babakazi,babakazi
frankenlanguage920.csv_420,0.5,oy-akno,oy-akno,oy-akno,oy-akno,oy-akno,oy-akno,oy-akno,oy-akno,oy-akno,oy-akno,oy-akno,oy-akno,kawo,kawo,kawo,kawo,kawo,kawo,baaba,baaba,baaba,wobna,wobna,wobna
frankenlanguage921.csv_420,0.25,waas,waas,waas,waas,waas,waas,waas,waas,waas,waas,waas,waas,kʸakʸa,kʸakʸa,kʸakʸa,-c̷itta ɬašši,-c̷itta ɬašši,-c̷itta ɬašši,-tačču ɬašši,-tačču ɬašši,-tačču ɬašši,kuku,kuku,kuku
frankenlanguage922.csv_420,0.25,qʼuʕndɨ rišidbir,qʼuʕndɨ rišidbir,qʼuʕndɨ rišidbir,qʼuʕndɨ rišidbir,qʼuʕndɨ rišidbir,qʼuʕndɨ rišidbir,qʼuʕndɨ rišidbir,qʼuʕndɨ rišidbir,qʼuʕndɨ rišidbir,qʼuʕndɨ rišidbir,qʼuʕndɨ rišidbir,qʼuʕndɨ rišidbir,malume,malume,malume,mame,mame,mame,baba,baba omukulu,baba omncane,babakazi,babakazi,babakazi
frankenlanguage923.csv_420,0.25,kuzen,kuzen,kuzen,kuzen,kuzen,kuzen,kuzen,kuzen,kuzen,kuzen,kuzen,kuzen,nindɨ šu,nindɨ šu,nindɨ šu,nindɨ riši,nindɨ riši,nindɨ riši,didtɨ šu,didtɨ šu,didtɨ šu,didtɨ riši,didtɨ riši,didtɨ riši
frankenlanguage924.csv_420,1.0,qʼuʕndɨ rišidbir,qʼuʕndɨ rišidbir,qʼuʕndɨ rišidbir,qʼuʕndɨ rišidbir,qʼuʕndɨ rišidbir,qʼuʕndɨ rišidbir,qʼuʕndɨ rišidbir,qʼuʕndɨ rišidbir,qʼuʕndɨ rišidbir,qʼuʕndɨ rišidbir,qʼuʕndɨ rišidbir,qʼuʕndɨ rišidbir,na,maghiha,maghiha,na,na,na,na,maghiha,maghiha,na,na,na
frankenlanguage925.csv_420,0.5,nepa,nepa,nepa,nepa,nepa,nepa,nepa,nepa,nepa,nepa,nepa,nepa,däd’,däd’,däd’,tädi,tädi,tädi,däd’,däd’,däd’,tädi,tädi,tädi
frankenlanguage926.csv_420,0.14285714285714285,qʼuʕndɨ rišidbir,qʼuʕndɨ rišidbir,qʼuʕndɨ rišidbir,qʼuʕndɨ rišidbir,qʼuʕndɨ rišidbir,qʼuʕndɨ rišidbir,qʼuʕndɨ rišidbir,qʼuʕndɨ rišidbir,qʼuʕndɨ rišidbir,qʼuʕndɨ rišidbir,qʼuʕndɨ rišidbir,qʼuʕndɨ rišidbir,na,menamama,na,na,beddamma,na,na,beddava,nanno,sowdamma,sowdamma,sowdamma
frankenlanguage927.csv_420,0.5,primu],primu],primu],primu],primu],primu],primu],primu],primu],primu],primu],primu],netsim,netsim,netsim,netul,netul,netul,netsim,netsim,netsim,netul,netul,netul
frankenlanguage931.csv_420,0.5,primu],primu],primu],primu],primu],primu],primu],primu],primu],primu],primu],primu],na,na,na,na,na,na,na,na,beme ja'aka,na,jaka yo'owe,na
frankenlanguage932.csv_420,0.75,mzala,mzala,mzala,ukanina,ukanina,ukanina,mfo,mfo,mfo,mzala,mzala,mfo,na,"yaake, awa","yaake, awa",na,papa,papa,na,mae,mae,na,arombo,arombo
frankenlanguage934.csv_420,0.6,thaatha,thaatha,thaatha,na,na,na,na,na,na,thaatha,thaatha,na,däd’,däd’,däd’,tädi,tädi,tädi,däd’,däd’,däd’,tädi,tädi,tädi
frankenlanguage935.csv_420,0.5,cacera (bhāi),cacera (bhāi),cacera (bhāi),cacera (bhāi),cacera (bhāi),cacera (bhāi),cacera (bhāi),cacera (bhāi),cacera (bhāi),cacera (bhāi),cacera (bhāi),cacera (bhāi),netsim,netsim,netsim,netul,netul,netul,netsim,netsim,netsim,netul,netul,netul
frankenlanguage936.csv_420,0.5,qʼuʕndɨ rišidbir,qʼuʕndɨ rišidbir,qʼuʕndɨ rišidbir,qʼuʕndɨ rišidbir,qʼuʕndɨ rišidbir,qʼuʕndɨ rišidbir,qʼuʕndɨ rišidbir,qʼuʕndɨ rišidbir,qʼuʕndɨ rišidbir,qʼuʕndɨ rišidbir,qʼuʕndɨ rišidbir,qʼuʕndɨ rišidbir,o-tam-ru,o-tam-ru,o-tam-ru,yɨ-son,yɨ-son,yɨ-son,yɨɨm,yɨɨm,yɨɨm,o-tam-ru,o-tam-ru,o-tam-ru
frankenlanguage943.csv_420,0.25,nepa,nepa,nepa,nepa,nepa,nepa,nepa,nepa,nepa,nepa,nepa,nepa,malume,malume,malume,mame,mame,mame,baba,baba omukulu,baba omncane,babakazi,babakazi,babakazi
frankenlanguage945.csv_420,0.6,thaatha,thaatha,thaatha,na,na,na,na,na,na,thaatha,thaatha,na,netsim,netsim,netsim,netul,netul,netul,netsim,netsim,netsim,netul,netul,netul
frankenlanguage946.csv_420,0.6,aai,aai,aai,na,na,na,na,na,na,aai,aai,na,däd’,däd’,däd’,tädi,tädi,tädi,däd’,däd’,däd’,tädi,tädi,tädi
frankenlanguage947.csv_420,0.25,waas,waas,waas,waas,waas,waas,waas,waas,waas,waas,waas,waas,na,dayı,dayı,na,teyze,teyze,na,amca,amca,na,hala,hala
frankenlanguage948.csv_420,0.5,mzala,mzala,mzala,ukanina,ukanina,ukanina,mfo,mfo,mfo,mzala,mzala,mfo,däd’,däd’,däd’,tädi,tädi,tädi,däd’,däd’,däd’,tädi,tädi,tädi
frankenlanguage95.csv_420,0.25,kuzen,kuzen,kuzen,kuzen,kuzen,kuzen,kuzen,kuzen,kuzen,kuzen,kuzen,kuzen,māmū,māmū,māmū,māsī,māsī,māsī,tāyā,tāyā,tāyā,bhūyā,bhūyā,bhūyā
frankenlanguage950.csv_420,0.14285714285714285,khuan ńjai,khuan ńjai,khuan ńjai,khuan ńjai,khuan ńjai,khuan ńjai,khuan ńjai,khuan ńjai,khuan ńjai,khuan ńjai,khuan ńjai,khuan ńjai,na,menamama,na,na,beddamma,na,na,beddava,nanno,sowdamma,sowdamma,sowdamma
frankenlanguage951.csv_420,0.25,waas,waas,waas,waas,waas,waas,waas,waas,waas,waas,waas,waas,na,acha,acha,na,atung,achi,na,awa di,adai,na,apa,amoi
frankenlanguage954.csv_420,0.6,aai,aai,aai,na,na,na,na,na,na,aai,aai,na,luŋ,luŋ,luŋ,pa:,pa:,pa:,luŋ,luŋ,luŋ,pa:,pa:,pa:
frankenlanguage959.csv_420,0.5,cacera (bhāi),cacera (bhāi),cacera (bhāi),cacera (bhāi),cacera (bhāi),cacera (bhāi),cacera (bhāi),cacera (bhāi),cacera (bhāi),cacera (bhāi),cacera (bhāi),cacera (bhāi),netsim,netsim,netsim,netul,netul,netul,netsim,netsim,netsim,netul,netul,netul
frankenlanguage96.csv_420,0.5,kuzen,kuzen,kuzen,kuzen,kuzen,kuzen,kuzen,kuzen,kuzen,kuzen,kuzen,kuzen,kawo,kawo,kawo,kawo,kawo,kawo,baaba,baaba,baaba,wobna,wobna,wobna
frankenlanguage960.csv_420,0.25,waas,waas,waas,waas,waas,waas,waas,waas,waas,waas,waas,waas,nindɨ šu,nindɨ šu,nindɨ šu,nindɨ riši,nindɨ riši,nindɨ riši,didtɨ šu,didtɨ šu,didtɨ šu,didtɨ riši,didtɨ riši,didtɨ riši
frankenlanguage961.csv_420,0.25,bratan,bratan,bratan,bratan,bratan,bratan,bratan,bratan,bratan,bratan,bratan,bratan,-l-atɨ,-l-atɨ,-l-atɨ,e'u,e'u,e'u,papa,papa,papa,pipi,pipi,pipi
frankenlanguage965.csv_420,0.25,qʼuʕndɨ rišidbir,qʼuʕndɨ rišidbir,qʼuʕndɨ rišidbir,qʼuʕndɨ rišidbir,qʼuʕndɨ rišidbir,qʼuʕndɨ rišidbir,qʼuʕndɨ rišidbir,qʼuʕndɨ rišidbir,qʼuʕndɨ rišidbir,qʼuʕndɨ rišidbir,qʼuʕndɨ rišidbir,qʼuʕndɨ rišidbir,kʸakʸa,kʸakʸa,kʸakʸa,-c̷itta ɬašši,-c̷itta ɬašši,-c̷itta ɬašši,-tačču ɬašši,-tačču ɬašši,-tačču ɬašši,kuku,kuku,kuku
frankenlanguage966.csv_420,0.25,nepa,nepa,nepa,nepa,nepa,nepa,nepa,nepa,nepa,nepa,nepa,nepa,kʸakʸa,kʸakʸa,kʸakʸa,-c̷itta ɬašši,-c̷itta ɬašši,-c̷itta ɬašši,-tačču ɬašši,-tačču ɬašši,-tačču ɬašši,kuku,kuku,kuku
frankenlanguage967.csv_420,0.25,nepa,nepa,nepa,nepa,nepa,nepa,nepa,nepa,nepa,nepa,nepa,nepa,-l-atɨ,-l-atɨ,-l-atɨ,e'u,e'u,e'u,papa,papa,papa,pipi,pipi,pipi
frankenlanguage968.csv_420,0.5,kuzen,kuzen,kuzen,kuzen,kuzen,kuzen,kuzen,kuzen,kuzen,kuzen,kuzen,kuzen,luŋ,luŋ,luŋ,pa:,pa:,pa:,luŋ,luŋ,luŋ,pa:,pa:,pa:
frankenlanguage969.csv_420,0.5,khuan ńjai,khuan ńjai,khuan ńjai,khuan ńjai,khuan ńjai,khuan ńjai,khuan ńjai,khuan ńjai,khuan ńjai,khuan ńjai,khuan ńjai,khuan ńjai,garugi:,garugi:,garugi:,walgan,walgan,walgan,garugi:,garugi:,garugi:,gamiyan,gamiyan,gamiyan
frankenlanguage970.csv_420,0.5,cacera (bhāi),cacera (bhāi),cacera (bhāi),cacera (bhāi),cacera (bhāi),cacera (bhāi),cacera (bhāi),cacera (bhāi),cacera (bhāi),cacera (bhāi),cacera (bhāi),cacera (bhāi),garugi:,garugi:,garugi:,walgan,walgan,walgan,garugi:,garugi:,garugi:,gamiyan,gamiyan,gamiyan
frankenlanguage971.csv_420,0.25,cacera (bhāi),cacera (bhāi),cacera (bhāi),cacera (bhāi),cacera (bhāi),cacera (bhāi),cacera (bhāi),cacera (bhāi),cacera (bhāi),cacera (bhāi),cacera (bhāi),cacera (bhāi),kʸakʸa,kʸakʸa,kʸakʸa,-c̷itta ɬašši,-c̷itta ɬašši,-c̷itta ɬašši,-tačču ɬašši,-tačču ɬašši,-tačču ɬašši,kuku,kuku,kuku
frankenlanguage972.csv_420,0.6,aai,aai,aai,na,na,na,na,na,na,aai,aai,na,garugi:,garugi:,garugi:,walgan,walgan,walgan,garugi:,garugi:,garugi:,gamiyan,gamiyan,gamiyan
frankenlanguage973.csv_420,0.5,cacera (bhāi),cacera (bhāi),cacera (bhāi),cacera (bhāi),cacera (bhāi),cacera (bhāi),cacera (bhāi),cacera (bhāi),cacera (bhāi),cacera (bhāi),cacera (bhāi),cacera (bhāi),luŋ,luŋ,luŋ,pa:,pa:,pa:,luŋ,luŋ,luŋ,pa:,pa:,pa:
frankenlanguage974.csv_420,1.0,oy-akno,oy-akno,oy-akno,oy-akno,oy-akno,oy-akno,oy-akno,oy-akno,oy-akno,oy-akno,oy-akno,oy-akno,na,maghiha,maghiha,na,na,na,na,maghiha,maghiha,na,na,na
frankenlanguage975.csv_420,0.25,bratan,bratan,bratan,bratan,bratan,bratan,bratan,bratan,bratan,bratan,bratan,bratan,na,"yaake, awa","yaake, awa",na,papa,papa,na,mae,mae,na,arombo,arombo
frankenlanguage976.csv_420,1.0,bratan,bratan,bratan,bratan,bratan,bratan,bratan,bratan,bratan,bratan,bratan,bratan,na,maghiha,maghiha,na,na,na,na,maghiha,maghiha,na,na,na
frankenlanguage977.csv_420,0.25,waas,waas,waas,waas,waas,waas,waas,waas,waas,waas,waas,waas,na,dayı,dayı,na,teyze,teyze,na,amca,amca,na,hala,hala
frankenlanguage98.csv_420,0.5,waas,waas,waas,waas,waas,waas,waas,waas,waas,waas,waas,waas,garugi:,garugi:,garugi:,walgan,walgan,walgan,garugi:,garugi:,garugi:,gamiyan,gamiyan,gamiyan
frankenlanguage980.csv_420,0.5,waas,waas,waas,waas,waas,waas,waas,waas,waas,waas,waas,waas,netsim,netsim,netsim,netul,netul,netul,netsim,netsim,netsim,netul,netul,netul
frankenlanguage981.csv_420,0.25,waas,waas,waas,waas,waas,waas,waas,waas,waas,waas,waas,waas,malume,malume,malume,mame,mame,mame,baba,baba omukulu,baba omncane,babakazi,babakazi,babakazi
frankenlanguage983.csv_420,0.25,bratan,bratan,bratan,bratan,bratan,bratan,bratan,bratan,bratan,bratan,bratan,bratan,nindɨ šu,nindɨ šu,nindɨ šu,nindɨ riši,nindɨ riši,nindɨ riši,didtɨ šu,didtɨ šu,didtɨ šu,didtɨ riši,didtɨ riši,didtɨ riši
frankenlanguage984.csv_420,0.25,nepa,nepa,nepa,nepa,nepa,nepa,nepa,nepa,nepa,nepa,nepa,nepa,cóca,cóca,cóca,huáata,huáata,huáata,épa,épa,épa,náchi,náchi,náchi
frankenlanguage986.csv_420,0.5,cacera (bhāi),cacera (bhāi),cacera (bhāi),cacera (bhāi),cacera (bhāi),cacera (bhāi),cacera (bhāi),cacera (bhāi),cacera (bhāi),cacera (bhāi),cacera (bhāi),cacera (bhāi),o-tam-ru,o-tam-ru,o-tam-ru,yɨ-son,yɨ-son,yɨ-son,yɨɨm,yɨɨm,yɨɨm,o-tam-ru,o-tam-ru,o-tam-ru
frankenlanguage987.csv_420,1.0,oy-akno,oy-akno,oy-akno,oy-akno,oy-akno,oy-akno,oy-akno,oy-akno,oy-akno,oy-akno,oy-akno,oy-akno,na,maghiha,maghiha,na,na,na,na,maghiha,maghiha,na,na,na
frankenlanguage989.csv_420,0.6666666666666666,thaatha,thaatha,thaatha,na,na,na,na,na,na,thaatha,thaatha,na,na,"yaake, awa","yaake, awa",na,papa,papa,na,mae,mae,na,arombo,arombo
frankenlanguage99.csv_420,0.25,primu],primu],primu],primu],primu],primu],primu],primu],primu],primu],primu],primu],na,dayı,dayı,na,teyze,teyze,na,amca,amca,na,hala,hala
frankenlanguage990.csv_420,0.5,cacera (bhāi),cacera (bhāi),cacera (bhāi),cacera (bhāi),cacera (bhāi),cacera (bhāi),cacera (bhāi),cacera (bhāi),cacera (bhāi),cacera (bhāi),cacera (bhāi),cacera (bhāi),na,na,na,na,na,na,na,na,beme ja'aka,na,jaka yo'owe,na
frankenlanguage992.csv_420,0.25,khuan ńjai,khuan ńjai,khuan ńjai,khuan ńjai,khuan ńjai,khuan ńjai,khuan ńjai,khuan ńjai,khuan ńjai,khuan ńjai,khuan ńjai,khuan ńjai,malume,malume,malume,mame,mame,mame,baba,baba omukulu,baba omncane,babakazi,babakazi,babakazi
frankenlanguage993.csv_420,0.25,khuan ńjai,khuan ńjai,khuan ńjai,khuan ńjai,khuan ńjai,khuan ńjai,khuan ńjai,khuan ńjai,khuan ńjai,khuan ńjai,khuan ńjai,khuan ńjai,kʸakʸa,kʸakʸa,kʸakʸa,-c̷itta ɬašši,-c̷itta ɬašši,-c̷itta ɬašši,-tačču ɬašši,-tačču ɬašši,-tačču ɬašši,kuku,kuku,kuku
frankenlanguage994.csv_420,0.5,cacera (bhāi),cacera (bhāi),cacera (bhāi),cacera (bhāi),cacera (bhāi),cacera (bhāi),cacera (bhāi),cacera (bhāi),cacera (bhāi),cacera (bhāi),cacera (bhāi),cacera (bhāi),kawo,kawo,kawo,kawo,kawo,kawo,baaba,baaba,baaba,wobna,wobna,wobna
frankenlanguage995.csv_420,0.5,jóncho,jóncho,jóncho,cóco,cóco,cóco,jóncho,jóncho,jóncho,jóncho,jóncho,jóncho,māmū,māmū,māmū,māsī,māsī,māsī,tāyā,tāyā,tāyā,bhūyā,bhūyā,bhūyā
frankenlanguage998.csv_420,0.5,oy-akno,oy-akno,oy-akno,oy-akno,oy-akno,oy-akno,oy-akno,oy-akno,oy-akno,oy-akno,oy-akno,oy-akno,garugi:,garugi:,garugi:,walgan,walgan,walgan,garugi:,garugi:,garugi:,gamiyan,gamiyan,gamiyan
frankenlanguage999.csv_420,0.6,thaatha,thaatha,thaatha,na,na,na,na,na,na,thaatha,thaatha,na,-l-atɨ,-l-atɨ,-l-atɨ,e'u,e'u,e'u,papa,papa,papa,pipi,pipi,pipi
